

----------------------------------------------------
STRUCTURE by Pritchard, Stephens and Donnelly (2000)
     and Falush, Stephens and Pritchard (2003)
       Code by Pritchard, Falush and Hubisz
             Version 2.3.4 (Jul 2012)
----------------------------------------------------



Command line arguments:   structure -L 10 -N 279 -K 3 -o outfile_K3_R1 
Input File:    infile

Run parameters:
   279 individuals
   10 loci
   3 populations assumed
   10000 Burn-in period
   10000 Reps


--------------------------------------------
Overall proportion of membership of the
sample in each of the 3 clusters

Inferred Clusters
  1      2      3    
0.270  0.297  0.432  

--------------------------------------------

Allele-freq. divergence among pops (Net nucleotide distance),
computed using point estimates of P.

      1       2       3      
 1      -    0.2998  0.2614  
 2   0.2998     -    0.3013  
 3   0.2614  0.3013     -    

Average distances (expected heterozygosity) between individuals in same cluster:
cluster  1  : 0.2928 
cluster  2  : 0.2776 
cluster  3  : 0.3323 

--------------------------------------------
Estimated Ln Prob of Data   = -3257.2
Mean value of ln likelihood = -3110.1
Variance of ln likelihood   = 294.3
Mean value of alpha         = 0.2608

Mean value of Fst_1         = 0.4391
Mean value of Fst_2         = 0.4860
Mean value of Fst_3         = 0.4195


Inferred ancestry of individuals:
        Label (%Miss) :  Inferred clusters
  1    33-16   (20)   :  0.890 0.030 0.080 
  2    38-11    (0)   :  0.059 0.050 0.891 
  3     4226    (0)   :  0.202 0.037 0.761 
  4     4722    (0)   :  0.023 0.935 0.041 
  5     A188    (0)   :  0.146 0.295 0.558 
  6    A214N   (20)   :  0.064 0.166 0.770 
  7     A239    (0)   :  0.054 0.047 0.899 
  8     A272    (0)   :  0.235 0.581 0.184 
  9   A441-5    (0)   :  0.080 0.588 0.332 
 10     A554    (0)   :  0.114 0.086 0.800 
 11     A556   (30)   :  0.906 0.054 0.040 
 12       A6    (0)   :  0.196 0.036 0.768 
 13     A619    (0)   :  0.051 0.033 0.915 
 14     A632    (0)   :  0.051 0.923 0.026 
 15     A634    (0)   :  0.171 0.640 0.189 
 16     A635    (0)   :  0.157 0.765 0.078 
 17     A641    (0)   :  0.065 0.293 0.642 
 18     A654    (0)   :  0.055 0.801 0.144 
 19     A659    (0)   :  0.056 0.044 0.899 
 20     A661    (0)   :  0.198 0.751 0.051 
 21     A679    (0)   :  0.490 0.211 0.300 
 22     A680    (0)   :  0.825 0.143 0.033 
 23     A682    (0)   :  0.404 0.343 0.252 
 24    Ab28A    (0)   :  0.132 0.075 0.793 
 25      B10    (0)   :  0.085 0.868 0.046 
 26     B103    (0)   :  0.033 0.812 0.156 
 27     B104   (10)   :  0.301 0.495 0.204 
 28     B105    (0)   :  0.086 0.818 0.095 
 29     B109    (0)   :  0.687 0.092 0.220 
 30     B115    (0)   :  0.141 0.077 0.782 
 31     B14A    (0)   :  0.025 0.952 0.023 
 32     B164    (0)   :  0.859 0.079 0.062 
 33       B2    (0)   :  0.866 0.028 0.106 
 34      B37    (0)   :  0.296 0.122 0.582 
 35      B46    (0)   :  0.027 0.662 0.311 
 36      B52    (0)   :  0.234 0.267 0.500 
 37      B57    (0)   :  0.753 0.102 0.144 
 38      B64    (0)   :  0.027 0.951 0.022 
 39      B68    (0)   :  0.028 0.948 0.024 
 40      B73    (0)   :  0.729 0.175 0.096 
 41 B73Htrhm    (0)   :  0.935 0.037 0.028 
 42      B75    (0)   :  0.128 0.820 0.052 
 43      B76    (0)   :  0.298 0.127 0.575 
 44      B77    (0)   :  0.073 0.021 0.906 
 45      B79    (0)   :  0.248 0.123 0.629 
 46      B84    (0)   :  0.078 0.891 0.031 
 47      B97    (0)   :  0.285 0.617 0.098 
 48     C103    (0)   :  0.616 0.346 0.037 
 49     C123    (0)   :  0.707 0.263 0.030 
 50     C49A   (20)   :  0.165 0.346 0.489 
 51 CH701-30    (0)   :  0.073 0.044 0.883 
 52      CH9    (0)   :  0.134 0.502 0.364 
 53     CI.7    (0)   :  0.511 0.358 0.130 
 54  CI187-2    (0)   :  0.033 0.107 0.859 
 55    CI21E    (0)   :  0.281 0.667 0.052 
 56    CI28A    (0)   :  0.918 0.036 0.046 
 57    CI31A    (0)   :  0.845 0.073 0.083 
 58     CI3A    (0)   :  0.322 0.224 0.454 
 59     CI64    (0)   :  0.096 0.273 0.631 
 60     CI66    (0)   :  0.058 0.554 0.388 
 61    CI90C    (0)   :  0.049 0.035 0.916 
 62    CI91B    (0)   :  0.036 0.097 0.867 
 63    CM105    (0)   :  0.076 0.885 0.039 
 64    CM174    (0)   :  0.204 0.732 0.064 
 65     CM37    (0)   :  0.516 0.059 0.425 
 66      CM7    (0)   :  0.124 0.820 0.057 
 67    CML10    (0)   :  0.311 0.037 0.652 
 68   CML103    (0)   :  0.054 0.169 0.776 
 69   CML108    (0)   :  0.213 0.681 0.105 
 70    CML11    (0)   :  0.303 0.036 0.661 
 71    CML14    (0)   :  0.416 0.496 0.088 
 72  CML154Q    (0)   :  0.053 0.032 0.915 
 73  CML157Q    (0)   :  0.120 0.047 0.832 
 74  CML158Q    (0)   :  0.052 0.032 0.916 
 75   CML218    (0)   :  0.026 0.047 0.928 
 76   CML220    (0)   :  0.036 0.023 0.941 
 77   CML228    (0)   :  0.888 0.046 0.067 
 78   CML238    (0)   :  0.152 0.057 0.791 
 79   CML247    (0)   :  0.138 0.032 0.830 
 80   CML254    (0)   :  0.032 0.042 0.926 
 81   CML258    (0)   :  0.585 0.038 0.377 
 82   CML261    (0)   :  0.028 0.047 0.924 
 83   CML264    (0)   :  0.143 0.057 0.800 
 84   CML277    (0)   :  0.129 0.022 0.849 
 85   CML281    (0)   :  0.043 0.057 0.900 
 86   CML287    (0)   :  0.067 0.021 0.912 
 87   CML311    (0)   :  0.263 0.078 0.658 
 88   CML314    (0)   :  0.188 0.054 0.758 
 89   CML321    (0)   :  0.300 0.058 0.642 
 90   CML322    (0)   :  0.336 0.140 0.523 
 91   CML323    (0)   :  0.201 0.660 0.139 
 92   CML328    (0)   :  0.298 0.238 0.464 
 93   CML331    (0)   :  0.092 0.066 0.842 
 94   CML332    (0)   :  0.148 0.192 0.660 
 95   CML333    (0)   :  0.245 0.264 0.491 
 96   CML341    (0)   :  0.064 0.023 0.913 
 97    CML38   (10)   :  0.068 0.208 0.724 
 98    CML45    (0)   :  0.166 0.069 0.765 
 99     CML5    (0)   :  0.073 0.048 0.879 
100    CML52    (0)   :  0.148 0.124 0.728 
101    CML61    (0)   :  0.029 0.047 0.923 
102    CML69    (0)   :  0.209 0.357 0.434 
103    CML77    (0)   :  0.165 0.062 0.773 
104    CML91    (0)   :  0.019 0.252 0.729 
105    CML92    (0)   :  0.634 0.194 0.172 
106     CMV3    (0)   :  0.871 0.028 0.101 
107    CO106    (0)   :  0.104 0.576 0.320 
108    CO125    (0)   :  0.395 0.522 0.083 
109    CO255    (0)   :  0.482 0.130 0.388 
110    D940Y   (30)   :  0.036 0.469 0.495 
111        2    (0)   :  0.124 0.760 0.116 
112        3    (0)   :  0.685 0.244 0.070 
113      DE1    (0)   :  0.352 0.572 0.076 
114    DE811    (0)   :  0.026 0.951 0.023 
115   E2558W    (0)   :  0.489 0.349 0.163 
116      EP1    (0)   :  0.026 0.040 0.933 
117   F2834T    (0)   :  0.121 0.033 0.845 
118      F44    (0)   :  0.604 0.031 0.366 
119       F6    (0)   :  0.614 0.315 0.071 
120       F7    (0)   :  0.228 0.516 0.256 
121    GA209    (0)   :  0.295 0.395 0.310 
122    GT112    (0)   :  0.925 0.023 0.053 
123    H105W    (0)   :  0.026 0.950 0.024 
124      H49    (0)   :  0.068 0.044 0.889 
125      H84    (0)   :  0.148 0.339 0.513 
126      H91    (0)   :  0.027 0.951 0.022 
127      H95    (0)   :  0.032 0.084 0.884 
128      H99    (0)   :  0.144 0.073 0.782 
129     Hi27    (0)   :  0.081 0.650 0.268 
130    Hp301    (0)   :  0.061 0.356 0.584 
131       Hy    (0)   :  0.055 0.907 0.039 
132   I137TN    (0)   :  0.181 0.208 0.611 
133     I205    (0)   :  0.037 0.035 0.929 
134      I29    (0)   :  0.465 0.180 0.354 
135   IA2132    (0)   :  0.193 0.499 0.308 
136   IA5125    (0)   :  0.066 0.819 0.114 
137    IDS28    (0)   :  0.034 0.035 0.932 
138    IDS69    (0)   :  0.045 0.423 0.533 
139    IDS91    (0)   :  0.022 0.656 0.322 
140    Il101    (0)   :  0.061 0.880 0.060 
141    Il14H    (0)   :  0.100 0.080 0.820 
142   Il677a    (0)   :  0.252 0.360 0.388 
143     K148    (0)   :  0.212 0.710 0.078 
144       K4    (0)   :  0.525 0.355 0.120 
145      K55    (0)   :  0.058 0.555 0.387 
146      K64    (0)   :  0.095 0.283 0.622 
147     Ki11    (0)   :  0.041 0.024 0.936 
148     Ki14    (0)   :  0.560 0.343 0.097 
149   Ki2021    (0)   :  0.600 0.329 0.070 
150     Ki21    (0)   :  0.450 0.111 0.440 
151      Ki3    (0)   :  0.902 0.061 0.037 
152     Ki43    (0)   :  0.846 0.034 0.120 
153     Ki44    (0)   :  0.584 0.063 0.353 
154     Ky21    (0)   :  0.491 0.061 0.448 
155    Ky226    (0)   :  0.020 0.253 0.727 
156    Ky228    (0)   :  0.039 0.422 0.539 
157     L317    (0)   :  0.108 0.658 0.234 
158     L578    (0)   :  0.387 0.029 0.585 
159      M14    (0)   :  0.044 0.890 0.066 
160    M162W    (0)   :  0.101 0.274 0.625 
161     M37W    (0)   :  0.149 0.524 0.327 
162 MEF156-55-2    (0)   :  0.352 0.366 0.282 
163     Mo17    (0)   :  0.445 0.401 0.154 
164    Mo18W    (0)   :  0.067 0.039 0.894 
165     Mo1W    (0)   :  0.028 0.047 0.926 
166    Mo24W    (0)   :  0.048 0.035 0.918 
167     Mo44    (0)   :  0.375 0.159 0.466 
168     Mo45    (0)   :  0.124 0.104 0.772 
169     Mo46    (0)   :  0.065 0.222 0.713 
170     Mo47    (0)   :  0.099 0.070 0.831 
171      MoG    (0)   :  0.560 0.131 0.309 
172    Mp339    (0)   :  0.915 0.024 0.061 
173   MS1334    (0)   :  0.261 0.133 0.605 
174    MS153    (0)   :  0.632 0.213 0.155 
175     MS71    (0)   :  0.313 0.037 0.650 
176     Mt42    (0)   :  0.221 0.199 0.580 
177     N192    (0)   :  0.068 0.911 0.022 
178    N28Ht    (0)   :  0.801 0.104 0.095 
179       N6    (0)   :  0.526 0.053 0.421 
180      N7A    (0)   :  0.052 0.028 0.920 
181    NC222    (0)   :  0.037 0.081 0.881 
182    NC230    (0)   :  0.062 0.212 0.727 
183    NC232    (0)   :  0.048 0.432 0.520 
184    NC236    (0)   :  0.285 0.433 0.282 
185    NC238    (0)   :  0.352 0.542 0.106 
186    NC250    (0)   :  0.278 0.131 0.592 
187    NC258    (0)   :  0.939 0.037 0.024 
188    NC260    (0)   :  0.310 0.227 0.463 
189    NC262    (0)   :  0.832 0.138 0.030 
190    NC264    (0)   :  0.040 0.910 0.050 
191   NC290A    (0)   :  0.810 0.159 0.031 
192    NC294    (0)   :  0.090 0.030 0.880 
193    NC296    (0)   :  0.068 0.905 0.027 
194   NC296A    (0)   :  0.060 0.900 0.040 
195    NC298    (0)   :  0.073 0.905 0.022 
196    NC300    (0)   :  0.423 0.056 0.521 
197    NC302    (0)   :  0.270 0.682 0.047 
198    NC304    (0)   :  0.881 0.082 0.036 
199    NC306    (0)   :  0.938 0.038 0.024 
200    NC310    (0)   :  0.938 0.037 0.025 
201    NC314    (0)   :  0.308 0.113 0.579 
202    NC318    (0)   :  0.221 0.684 0.094 
203    NC320    (0)   :  0.209 0.680 0.110 
204    NC324    (0)   :  0.047 0.033 0.920 
205    NC326    (0)   :  0.936 0.039 0.025 
206    NC328    (0)   :  0.936 0.038 0.026 
207     NC33    (0)   :  0.193 0.289 0.518 
208    NC336    (0)   :  0.069 0.904 0.027 
209    NC338   (60)   :  0.067 0.884 0.049 
210    NC340    (0)   :  0.427 0.061 0.512 
211    NC342    (0)   :  0.183 0.782 0.035 
212    NC344    (0)   :  0.878 0.084 0.038 
213    NC346    (0)   :  0.055 0.903 0.041 
214    NC348    (0)   :  0.163 0.773 0.064 
215    NC350    (0)   :  0.405 0.063 0.532 
216    NC352    (0)   :  0.068 0.904 0.028 
217    NC354    (0)   :  0.120 0.836 0.044 
218    NC356    (0)   :  0.068 0.049 0.884 
219    NC358    (0)   :  0.069 0.048 0.884 
220    NC360    (0)   :  0.824 0.026 0.150 
221    NC362    (0)   :  0.942 0.029 0.028 
222    NC364    (0)   :  0.943 0.029 0.028 
223    NC366    (0)   :  0.046 0.888 0.066 
224    NC368    (0)   :  0.317 0.088 0.595 
225    ND246    (0)   :  0.235 0.072 0.693 
226    Oh40B    (0)   :  0.403 0.051 0.546 
227     Oh43    (0)   :  0.030 0.084 0.886 
228    Oh43E    (0)   :  0.032 0.065 0.903 
229    Oh603    (0)   :  0.032 0.824 0.143 
230     Oh7B    (0)   :  0.031 0.064 0.905 
231    Os420    (0)   :  0.359 0.339 0.302 
232      P39    (0)   :  0.039 0.841 0.120 
233    Pa762    (0)   :  0.060 0.084 0.857 
234    Pa875    (0)   :  0.088 0.224 0.688 
235    Pa880    (0)   :  0.032 0.500 0.469 
236     PA91    (0)   :  0.023 0.107 0.870 
237    R109B   (10)   :  0.830 0.056 0.114 
238     R168   (30)   :  0.067 0.050 0.883 
239     R177    (0)   :  0.116 0.037 0.847 
240     R229    (0)   :  0.909 0.056 0.035 
241       R4    (0)   :  0.742 0.213 0.045 
242     SA24    (0)   :  0.024 0.936 0.040 
243   SC213R    (0)   :  0.129 0.733 0.138 
244    SC357    (0)   :  0.321 0.087 0.591 
245     SC55    (0)   :  0.039 0.416 0.545 
246     SD40    (0)   :  0.261 0.605 0.134 
247     SD44    (0)   :  0.051 0.511 0.439 
248   Sg1533    (0)   :  0.027 0.588 0.386 
249     Sg18    (0)   :  0.057 0.347 0.596 
250     T232    (0)   :  0.053 0.305 0.643 
251     T234    (0)   :  0.106 0.734 0.161 
252       T8    (0)   :  0.300 0.057 0.643 
253    Tx303    (0)   :  0.200 0.091 0.709 
254    Tx601    (0)   :  0.120 0.124 0.757 
255    Tzi10    (0)   :  0.087 0.111 0.802 
256    Tzi11    (0)   :  0.234 0.023 0.742 
257    Tzi16    (0)   :  0.841 0.072 0.087 
258    Tzi18    (0)   :  0.548 0.110 0.342 
259    Tzi25    (0)   :  0.230 0.273 0.497 
260     Tzi9    (0)   :  0.039 0.023 0.938 
261    U267Y    (0)   :  0.292 0.137 0.572 
262    VA102    (0)   :  0.426 0.050 0.524 
263     Va14    (0)   :  0.045 0.493 0.462 
264     Va17    (0)   :  0.028 0.120 0.852 
265     Va22    (0)   :  0.061 0.086 0.853 
266     Va26   (50)   :  0.116 0.424 0.460 
267     Va35    (0)   :  0.297 0.058 0.645 
268     Va59    (0)   :  0.849 0.065 0.086 
269     Va85    (0)   :  0.180 0.167 0.653 
270     Va99    (0)   :  0.022 0.114 0.864 
271     VaW6    (0)   :  0.057 0.084 0.859 
272   W117Ht    (0)   :  0.294 0.058 0.647 
273    W153R    (0)   :  0.568 0.175 0.257 
274    W182B    (0)   :  0.468 0.267 0.265 
275      W22    (0)   :  0.102 0.349 0.549 
276  R-r:std    (0)   :  0.096 0.366 0.537 
277       WD    (0)   :  0.346 0.051 0.603 
278      WF9    (0)   :  0.027 0.125 0.848 
279       NS    (0)   :  0.487 0.472 0.040 


Estimated Allele Frequencies in each cluster
First column gives estimated ancestral frequencies


Locus 1 : 
2 alleles
1.1% missing data
   2   (0.508) 0.396 0.683 0.481 
   1   (0.492) 0.604 0.317 0.519 

Locus 2 : 
2 alleles
1.1% missing data
   2   (0.516) 0.453 0.441 0.686 
   1   (0.484) 0.547 0.559 0.314 

Locus 3 : 
2 alleles
0.0% missing data
   2   (0.553) 0.826 0.211 0.707 
   1   (0.447) 0.174 0.789 0.293 

Locus 4 : 
2 alleles
1.1% missing data
   2   (0.438) 0.035 0.782 0.799 
   1   (0.562) 0.965 0.218 0.201 

Locus 5 : 
2 alleles
1.4% missing data
   2   (0.598) 0.371 0.115 0.981 
   1   (0.402) 0.629 0.885 0.019 

Locus 6 : 
2 alleles
0.7% missing data
   1   (0.494) 0.778 0.238 0.368 
   2   (0.506) 0.222 0.762 0.632 

Locus 7 : 
2 alleles
0.7% missing data
   1   (0.427) 0.832 0.011 0.633 
   2   (0.573) 0.168 0.989 0.367 

Locus 8 : 
2 alleles
1.1% missing data
   2   (0.569) 0.986 0.030 0.650 
   1   (0.431) 0.014 0.970 0.350 

Locus 9 : 
2 alleles
2.2% missing data
   1   (0.458) 0.732 0.547 0.126 
   2   (0.542) 0.268 0.453 0.874 

Locus 10 : 
2 alleles
1.1% missing data
   2   (0.590) 0.953 0.983 0.008 
   1   (0.410) 0.047 0.017 0.992 

Values of parameters used in structure:
DATAFILE=infile,	OUTFILE=outfile_K3_R1,	NUMINDS=279,	NUMLOCI=10,	MISSING=0,	LABEL=1,	POPDATA=0,	POPFLAG=0,	PHENOTYPE=0,	EXTRACOLS=0,	MAXPOPS=3,	BURNIN=10000,	NUMREPS=10000,	USEPOPINFO=0,	INFERALPHA=1,	INFERLAMBDA=0,	POPSPECIFICLAMBDA=0,	POPALPHAS=0,	COMPUTEPROB=1,	NOADMIX=0,	ADMBURNIN=500,	UPDATEFREQ=100,	PRINTLIKES=0,	INTERMEDSAVE=0,	PRINTKLD=0,	PRINTNET=1,	PRINTLAMBDA=1,	ANCESTDIST=0,	NUMBOXES=1000,	ANCESTPINT=0.90000,	GENSBACK=2,	MIGRPRIOR=0.01000,	PRINTQHAT=0,	PRINTQSUM=1,	ALPHA=1.0000,	FREQSCORR=1,	FPRIORMEAN=0.0100,	FPRIORSD=0.0500,	ONEFST=0,	LAMBDA=1.0000,	UNIFPRIORALPHA=1,	ALPHAMAX=10.0000,	ALPHAPRIORA=1.0000,	ALPHAPRIORB=2.0000,	ALPHAPROPSD=0.0250,	STARTATPOPINFO=0,	RANDOMIZE=1,	LINKAGE=0,	METROFREQ=10,	REPORTHITRATE=0,	MARKOVPHASE=0,	PHASED=0,	PLOIDY=2,	PHASEINFO=0	LOCPRIOR=0, 	LOCPRIORINIT=1.000000, 	LOCDATA=0, 	LOCISPOP=0, 	LOCPRIORSTEP=0.100000, 	MAXLOCPRIOR=20.000000, 	SEED=1575891318,	
[STRAT parameters]:    NUMSIMSTATS=1000,	PHENOTYPECOL=-9,	POOLFREQ=10,	LOCUSxONLY=0,	EMERROR=0.00100,	MISSINGPHENO=-9,	