

----------------------------------------------------
STRUCTURE by Pritchard, Stephens and Donnelly (2000)
     and Falush, Stephens and Pritchard (2003)
       Code by Pritchard, Falush and Hubisz
             Version 2.3.4 (Jul 2012)
----------------------------------------------------



Command line arguments:   structure -L 10 -N 279 -K 4 -o outfile_K4_R1 
Input File:    infile

Run parameters:
   279 individuals
   10 loci
   4 populations assumed
   10000 Burn-in period
   10000 Reps


--------------------------------------------
Overall proportion of membership of the
sample in each of the 4 clusters

Inferred Clusters
  1      2      3      4    
0.252  0.299  0.209  0.240  

--------------------------------------------

Allele-freq. divergence among pops (Net nucleotide distance),
computed using point estimates of P.

      1       2       3       4      
 1      -    0.3186  0.3416  0.3413  
 2   0.3186     -    0.3325  0.1553  
 3   0.3416  0.3325     -    0.2920  
 4   0.3413  0.1553  0.2920     -    

Average distances (expected heterozygosity) between individuals in same cluster:
cluster  1  : 0.2479 
cluster  2  : 0.2933 
cluster  3  : 0.2234 
cluster  4  : 0.3241 

--------------------------------------------
Estimated Ln Prob of Data   = -3097.9
Mean value of ln likelihood = -2908.8
Variance of ln likelihood   = 378.2
Mean value of alpha         = 0.1677

Mean value of Fst_1         = 0.5903
Mean value of Fst_2         = 0.4586
Mean value of Fst_3         = 0.5599
Mean value of Fst_4         = 0.4186


Inferred ancestry of individuals:
        Label (%Miss) :  Inferred clusters
  1    33-16   (20)   :  0.019 0.086 0.781 0.114 
  2    38-11    (0)   :  0.023 0.902 0.028 0.047 
  3     4226    (0)   :  0.024 0.378 0.158 0.441 
  4     4722    (0)   :  0.934 0.031 0.015 0.020 
  5     A188    (0)   :  0.260 0.374 0.182 0.183 
  6    A214N   (20)   :  0.100 0.186 0.025 0.689 
  7     A239    (0)   :  0.018 0.914 0.027 0.040 
  8     A272    (0)   :  0.592 0.123 0.170 0.114 
  9   A441-5    (0)   :  0.531 0.064 0.038 0.368 
 10     A554    (0)   :  0.059 0.645 0.106 0.189 
 11     A556   (30)   :  0.031 0.025 0.920 0.024 
 12       A6    (0)   :  0.019 0.051 0.042 0.889 
 13     A619    (0)   :  0.018 0.837 0.030 0.116 
 14     A632    (0)   :  0.930 0.021 0.032 0.017 
 15     A634    (0)   :  0.532 0.075 0.048 0.345 
 16     A635    (0)   :  0.770 0.049 0.117 0.064 
 17     A641    (0)   :  0.132 0.082 0.023 0.763 
 18     A654    (0)   :  0.686 0.092 0.023 0.198 
 19     A659    (0)   :  0.018 0.912 0.030 0.040 
 20     A661    (0)   :  0.691 0.085 0.203 0.022 
 21     A679    (0)   :  0.176 0.131 0.450 0.243 
 22     A680    (0)   :  0.129 0.030 0.819 0.021 
 23     A682    (0)   :  0.280 0.070 0.101 0.549 
 24    Ab28A    (0)   :  0.035 0.064 0.034 0.866 
 25      B10    (0)   :  0.814 0.070 0.094 0.022 
 26     B103    (0)   :  0.684 0.232 0.015 0.069 
 27     B104   (10)   :  0.304 0.378 0.291 0.027 
 28     B105    (0)   :  0.738 0.131 0.031 0.100 
 29     B109    (0)   :  0.046 0.329 0.538 0.087 
 30     B115    (0)   :  0.051 0.468 0.100 0.381 
 31     B14A    (0)   :  0.952 0.016 0.017 0.016 
 32     B164    (0)   :  0.078 0.030 0.528 0.364 
 33       B2    (0)   :  0.017 0.149 0.750 0.084 
 34      B37    (0)   :  0.044 0.798 0.108 0.050 
 35      B46    (0)   :  0.655 0.179 0.016 0.151 
 36      B52    (0)   :  0.060 0.851 0.068 0.021 
 37      B57    (0)   :  0.063 0.022 0.290 0.625 
 38      B64    (0)   :  0.950 0.016 0.017 0.017 
 39      B68    (0)   :  0.950 0.017 0.017 0.016 
 40      B73    (0)   :  0.121 0.105 0.744 0.030 
 41 B73Htrhm    (0)   :  0.021 0.016 0.946 0.017 
 42      B75    (0)   :  0.748 0.070 0.161 0.021 
 43      B76    (0)   :  0.043 0.798 0.111 0.048 
 44      B77    (0)   :  0.012 0.775 0.050 0.162 
 45      B79    (0)   :  0.089 0.400 0.179 0.333 
 46      B84    (0)   :  0.903 0.023 0.048 0.025 
 47      B97    (0)   :  0.610 0.037 0.187 0.167 
 48     C103    (0)   :  0.450 0.019 0.447 0.084 
 49     C123    (0)   :  0.361 0.017 0.546 0.076 
 50     C49A   (20)   :  0.105 0.803 0.061 0.031 
 51 CH701-30    (0)   :  0.021 0.864 0.037 0.078 
 52      CH9    (0)   :  0.115 0.811 0.048 0.025 
 53     CI.7    (0)   :  0.295 0.088 0.564 0.054 
 54  CI187-2    (0)   :  0.071 0.135 0.015 0.779 
 55    CI21E    (0)   :  0.643 0.039 0.287 0.031 
 56    CI28A    (0)   :  0.021 0.031 0.926 0.022 
 57    CI31A    (0)   :  0.042 0.050 0.862 0.045 
 58     CI3A    (0)   :  0.139 0.424 0.368 0.069 
 59     CI64    (0)   :  0.066 0.866 0.041 0.027 
 60     CI66    (0)   :  0.508 0.311 0.057 0.124 
 61    CI90C    (0)   :  0.019 0.836 0.031 0.114 
 62    CI91B    (0)   :  0.059 0.154 0.016 0.772 
 63    CM105    (0)   :  0.895 0.022 0.048 0.036 
 64    CM174    (0)   :  0.677 0.074 0.224 0.025 
 65     CM37    (0)   :  0.027 0.656 0.257 0.060 
 66      CM7    (0)   :  0.737 0.086 0.156 0.021 
 67    CML10    (0)   :  0.019 0.054 0.065 0.862 
 68   CML103    (0)   :  0.126 0.133 0.017 0.725 
 69   CML108    (0)   :  0.662 0.093 0.151 0.094 
 70    CML11    (0)   :  0.017 0.041 0.060 0.881 
 71    CML14    (0)   :  0.514 0.048 0.364 0.074 
 72  CML154Q    (0)   :  0.017 0.097 0.025 0.860 
 73  CML157Q    (0)   :  0.029 0.361 0.086 0.525 
 74  CML158Q    (0)   :  0.018 0.087 0.023 0.872 
 75   CML218    (0)   :  0.023 0.922 0.016 0.040 
 76   CML220    (0)   :  0.014 0.737 0.032 0.216 
 77   CML228    (0)   :  0.024 0.045 0.904 0.027 
 78   CML238    (0)   :  0.023 0.055 0.034 0.887 
 79   CML247    (0)   :  0.020 0.594 0.132 0.253 
 80   CML254    (0)   :  0.025 0.111 0.018 0.845 
 81   CML258    (0)   :  0.024 0.199 0.598 0.178 
 82   CML261    (0)   :  0.026 0.867 0.018 0.089 
 83   CML264    (0)   :  0.027 0.050 0.037 0.886 
 84   CML277    (0)   :  0.015 0.218 0.109 0.658 
 85   CML281    (0)   :  0.037 0.142 0.022 0.799 
 86   CML287    (0)   :  0.012 0.766 0.041 0.181 
 87   CML311    (0)   :  0.044 0.567 0.307 0.081 
 88   CML314    (0)   :  0.021 0.032 0.033 0.914 
 89   CML321    (0)   :  0.032 0.473 0.363 0.131 
 90   CML322    (0)   :  0.071 0.430 0.414 0.085 
 91   CML323    (0)   :  0.639 0.094 0.152 0.115 
 92   CML328    (0)   :  0.067 0.797 0.103 0.032 
 93   CML331    (0)   :  0.039 0.691 0.100 0.170 
 94   CML332    (0)   :  0.148 0.074 0.028 0.750 
 95   CML333    (0)   :  0.058 0.845 0.074 0.023 
 96   CML341    (0)   :  0.014 0.858 0.039 0.088 
 97    CML38   (10)   :  0.192 0.558 0.028 0.222 
 98    CML45    (0)   :  0.030 0.057 0.033 0.880 
 99     CML5    (0)   :  0.037 0.624 0.069 0.270 
100    CML52    (0)   :  0.085 0.584 0.198 0.133 
101    CML61    (0)   :  0.024 0.876 0.018 0.082 
102    CML69    (0)   :  0.285 0.050 0.097 0.568 
103    CML77    (0)   :  0.026 0.801 0.072 0.101 
104    CML91    (0)   :  0.282 0.435 0.011 0.273 
105    CML92    (0)   :  0.137 0.108 0.663 0.092 
106     CMV3    (0)   :  0.016 0.154 0.740 0.090 
107    CO106    (0)   :  0.149 0.793 0.039 0.019 
108    CO125    (0)   :  0.422 0.108 0.443 0.028 
109    CO255    (0)   :  0.075 0.326 0.336 0.264 
110    D940Y   (30)   :  0.176 0.765 0.023 0.036 
111        2    (0)   :  0.679 0.131 0.049 0.142 
112        3    (0)   :  0.271 0.041 0.313 0.376 
113      DE1    (0)   :  0.563 0.055 0.138 0.243 
114    DE811    (0)   :  0.953 0.016 0.016 0.015 
115   E2558W    (0)   :  0.258 0.153 0.538 0.051 
116      EP1    (0)   :  0.019 0.890 0.019 0.072 
117   F2834T    (0)   :  0.016 0.033 0.024 0.927 
118      F44    (0)   :  0.016 0.141 0.621 0.222 
119       F6    (0)   :  0.347 0.032 0.441 0.179 
120       F7    (0)   :  0.327 0.469 0.142 0.063 
121    GA209    (0)   :  0.377 0.076 0.228 0.319 
122    GT112    (0)   :  0.013 0.049 0.834 0.104 
123    H105W    (0)   :  0.951 0.017 0.017 0.015 
124      H49    (0)   :  0.020 0.862 0.034 0.083 
125      H84    (0)   :  0.089 0.810 0.062 0.039 
126      H91    (0)   :  0.953 0.016 0.015 0.016 
127      H95    (0)   :  0.034 0.921 0.016 0.029 
128      H99    (0)   :  0.050 0.481 0.102 0.366 
129     Hi27    (0)   :  0.644 0.098 0.050 0.207 
130    Hp301    (0)   :  0.327 0.086 0.039 0.547 
131       Hy    (0)   :  0.855 0.063 0.064 0.017 
132   I137TN    (0)   :  0.152 0.463 0.260 0.125 
133     I205    (0)   :  0.020 0.073 0.018 0.889 
134      I29    (0)   :  0.102 0.328 0.499 0.071 
135   IA2132    (0)   :  0.359 0.055 0.054 0.532 
136   IA5125    (0)   :  0.693 0.214 0.066 0.027 
137    IDS28    (0)   :  0.022 0.079 0.017 0.883 
138    IDS69    (0)   :  0.421 0.134 0.029 0.415 
139    IDS91    (0)   :  0.678 0.176 0.013 0.133 
140    Il101    (0)   :  0.866 0.057 0.041 0.036 
141    Il14H    (0)   :  0.042 0.318 0.055 0.585 
142   Il677a    (0)   :  0.236 0.428 0.181 0.155 
143     K148    (0)   :  0.721 0.048 0.142 0.088 
144       K4    (0)   :  0.274 0.104 0.564 0.058 
145      K55    (0)   :  0.519 0.307 0.054 0.119 
146      K64    (0)   :  0.070 0.866 0.036 0.028 
147     Ki11    (0)   :  0.013 0.711 0.031 0.245 
148     Ki14    (0)   :  0.276 0.086 0.597 0.041 
149   Ki2021    (0)   :  0.279 0.055 0.627 0.038 
150     Ki21    (0)   :  0.040 0.028 0.060 0.872 
151      Ki3    (0)   :  0.033 0.020 0.917 0.029 
152     Ki43    (0)   :  0.020 0.202 0.706 0.072 
153     Ki44    (0)   :  0.050 0.033 0.384 0.533 
154     Ky21    (0)   :  0.034 0.205 0.523 0.239 
155    Ky226    (0)   :  0.280 0.447 0.011 0.263 
156    Ky228    (0)   :  0.318 0.578 0.045 0.059 
157     L317    (0)   :  0.546 0.102 0.036 0.316 
158     L578    (0)   :  0.015 0.075 0.199 0.710 
159      M14    (0)   :  0.791 0.158 0.035 0.016 
160    M162W    (0)   :  0.068 0.864 0.038 0.029 
161     M37W    (0)   :  0.310 0.497 0.114 0.078 
162 MEF156-55-2    (0)   :  0.188 0.419 0.361 0.032 
163     Mo17    (0)   :  0.331 0.031 0.122 0.515 
164    Mo18W    (0)   :  0.020 0.858 0.037 0.085 
165     Mo1W    (0)   :  0.025 0.854 0.019 0.101 
166    Mo24W    (0)   :  0.017 0.879 0.031 0.073 
167     Mo44    (0)   :  0.051 0.770 0.134 0.046 
168     Mo45    (0)   :  0.061 0.393 0.076 0.470 
169     Mo46    (0)   :  0.188 0.146 0.022 0.644 
170     Mo47    (0)   :  0.046 0.657 0.091 0.205 
171      MoG    (0)   :  0.085 0.062 0.253 0.600 
172    Mp339    (0)   :  0.014 0.049 0.824 0.113 
173   MS1334    (0)   :  0.117 0.104 0.057 0.722 
174    MS153    (0)   :  0.144 0.107 0.655 0.094 
175     MS71    (0)   :  0.018 0.043 0.065 0.874 
176     Mt42    (0)   :  0.050 0.812 0.097 0.042 
177     N192    (0)   :  0.928 0.013 0.038 0.022 
178    N28Ht    (0)   :  0.084 0.028 0.341 0.546 
179       N6    (0)   :  0.030 0.186 0.540 0.243 
180      N7A    (0)   :  0.016 0.782 0.033 0.168 
181    NC222    (0)   :  0.054 0.233 0.020 0.693 
182    NC230    (0)   :  0.090 0.064 0.017 0.830 
183    NC232    (0)   :  0.449 0.214 0.035 0.302 
184    NC236    (0)   :  0.282 0.418 0.183 0.118 
185    NC238    (0)   :  0.524 0.054 0.107 0.315 
186    NC250    (0)   :  0.040 0.798 0.119 0.044 
187    NC258    (0)   :  0.023 0.017 0.943 0.017 
188    NC260    (0)   :  0.060 0.793 0.111 0.036 
189    NC262    (0)   :  0.129 0.029 0.819 0.023 
190    NC264    (0)   :  0.903 0.043 0.029 0.024 
191   NC290A    (0)   :  0.132 0.029 0.816 0.023 
192    NC294    (0)   :  0.015 0.874 0.047 0.064 
193    NC296    (0)   :  0.926 0.015 0.034 0.025 
194   NC296A    (0)   :  0.910 0.023 0.033 0.034 
195    NC298    (0)   :  0.927 0.014 0.037 0.022 
196    NC300    (0)   :  0.021 0.022 0.050 0.908 
197    NC302    (0)   :  0.636 0.039 0.291 0.034 
198    NC304    (0)   :  0.110 0.013 0.723 0.154 
199    NC306    (0)   :  0.024 0.019 0.941 0.016 
200    NC310    (0)   :  0.021 0.016 0.947 0.017 
201    NC314    (0)   :  0.042 0.803 0.109 0.046 
202    NC318    (0)   :  0.678 0.085 0.154 0.083 
203    NC320    (0)   :  0.678 0.083 0.158 0.081 
204    NC324    (0)   :  0.017 0.873 0.031 0.079 
205    NC326    (0)   :  0.022 0.016 0.945 0.018 
206    NC328    (0)   :  0.024 0.017 0.942 0.017 
207     NC33    (0)   :  0.234 0.030 0.079 0.657 
208    NC336    (0)   :  0.919 0.014 0.040 0.027 
209    NC338   (60)   :  0.895 0.031 0.036 0.038 
210    NC340    (0)   :  0.020 0.022 0.051 0.907 
211    NC342    (0)   :  0.755 0.029 0.196 0.020 
212    NC344    (0)   :  0.053 0.024 0.894 0.028 
213    NC346    (0)   :  0.915 0.022 0.033 0.030 
214    NC348    (0)   :  0.772 0.031 0.112 0.085 
215    NC350    (0)   :  0.041 0.220 0.467 0.271 
216    NC352    (0)   :  0.920 0.016 0.038 0.026 
217    NC354    (0)   :  0.858 0.029 0.077 0.036 
218    NC356    (0)   :  0.034 0.630 0.073 0.263 
219    NC358    (0)   :  0.033 0.626 0.076 0.265 
220    NC360    (0)   :  0.016 0.152 0.707 0.125 
221    NC362    (0)   :  0.016 0.016 0.945 0.023 
222    NC364    (0)   :  0.018 0.015 0.947 0.021 
223    NC366    (0)   :  0.789 0.150 0.043 0.018 
224    NC368    (0)   :  0.053 0.558 0.329 0.059 
225    ND246    (0)   :  0.053 0.304 0.136 0.507 
226    Oh40B    (0)   :  0.033 0.186 0.248 0.533 
227     Oh43    (0)   :  0.029 0.928 0.016 0.027 
228    Oh43E    (0)   :  0.025 0.916 0.019 0.040 
229    Oh603    (0)   :  0.682 0.230 0.015 0.073 
230     Oh7B    (0)   :  0.024 0.929 0.018 0.029 
231    Os420    (0)   :  0.216 0.356 0.256 0.171 
232      P39    (0)   :  0.747 0.102 0.019 0.132 
233    Pa762    (0)   :  0.061 0.595 0.051 0.293 
234    Pa875    (0)   :  0.216 0.112 0.072 0.601 
235    Pa880    (0)   :  0.379 0.557 0.029 0.035 
236     PA91    (0)   :  0.044 0.907 0.013 0.035 
237    R109B   (10)   :  0.033 0.077 0.789 0.102 
238     R168   (30)   :  0.025 0.050 0.031 0.895 
239     R177    (0)   :  0.015 0.031 0.026 0.928 
240     R229    (0)   :  0.036 0.022 0.914 0.029 
241       R4    (0)   :  0.193 0.030 0.739 0.038 
242     SA24    (0)   :  0.932 0.031 0.016 0.021 
243   SC213R    (0)   :  0.559 0.293 0.122 0.025 
244    SC357    (0)   :  0.044 0.564 0.334 0.057 
245     SC55    (0)   :  0.324 0.588 0.039 0.049 
246     SD40    (0)   :  0.601 0.136 0.181 0.082 
247     SD44    (0)   :  0.434 0.206 0.023 0.336 
248   Sg1533    (0)   :  0.614 0.156 0.017 0.213 
249     Sg18    (0)   :  0.333 0.085 0.033 0.549 
250     T232    (0)   :  0.261 0.189 0.023 0.528 
251     T234    (0)   :  0.632 0.129 0.041 0.199 
252       T8    (0)   :  0.030 0.113 0.115 0.742 
253    Tx303    (0)   :  0.070 0.350 0.143 0.437 
254    Tx601    (0)   :  0.043 0.060 0.026 0.871 
255    Tzi10    (0)   :  0.037 0.829 0.038 0.096 
256    Tzi11    (0)   :  0.014 0.380 0.221 0.386 
257    Tzi16    (0)   :  0.051 0.028 0.477 0.443 
258    Tzi18    (0)   :  0.051 0.458 0.413 0.079 
259    Tzi25    (0)   :  0.056 0.850 0.074 0.020 
260     Tzi9    (0)   :  0.015 0.690 0.032 0.263 
261    U267Y    (0)   :  0.082 0.273 0.363 0.282 
262    VA102    (0)   :  0.027 0.174 0.246 0.553 
263     Va14    (0)   :  0.366 0.558 0.036 0.040 
264     Va17    (0)   :  0.040 0.909 0.015 0.036 
265     Va22    (0)   :  0.061 0.599 0.046 0.294 
266     Va26   (50)   :  0.102 0.819 0.050 0.030 
267     Va35    (0)   :  0.032 0.101 0.124 0.743 
268     Va59    (0)   :  0.045 0.097 0.698 0.160 
269     Va85    (0)   :  0.158 0.154 0.141 0.547 
270     Va99    (0)   :  0.041 0.910 0.014 0.035 
271     VaW6    (0)   :  0.063 0.588 0.048 0.301 
272   W117Ht    (0)   :  0.031 0.106 0.128 0.735 
273    W153R    (0)   :  0.134 0.064 0.213 0.589 
274    W182B    (0)   :  0.302 0.049 0.249 0.399 
275      W22    (0)   :  0.389 0.314 0.060 0.238 
276  R-r:std    (0)   :  0.396 0.292 0.058 0.254 
277       WD    (0)   :  0.035 0.309 0.272 0.385 
278      WF9    (0)   :  0.045 0.901 0.015 0.038 
279       NS    (0)   :  0.539 0.017 0.336 0.107 


Estimated Allele Frequencies in each cluster
First column gives estimated ancestral frequencies


Locus 1 : 
2 alleles
1.1% missing data
   2   (0.500) 0.690 0.577 0.415 0.357 
   1   (0.500) 0.310 0.423 0.585 0.643 

Locus 2 : 
2 alleles
1.1% missing data
   2   (0.530) 0.440 0.564 0.488 0.692 
   1   (0.470) 0.560 0.436 0.512 0.308 

Locus 3 : 
2 alleles
0.0% missing data
   2   (0.686) 0.122 0.997 0.993 0.157 
   1   (0.314) 0.878 0.003 0.007 0.843 

Locus 4 : 
2 alleles
1.1% missing data
   2   (0.530) 0.746 0.961 0.021 0.443 
   1   (0.470) 0.254 0.039 0.979 0.557 

Locus 5 : 
2 alleles
1.4% missing data
   2   (0.682) 0.026 0.988 0.122 0.982 
   1   (0.318) 0.974 0.012 0.878 0.018 

Locus 6 : 
2 alleles
0.7% missing data
   1   (0.476) 0.230 0.452 0.783 0.346 
   2   (0.524) 0.770 0.548 0.217 0.654 

Locus 7 : 
2 alleles
0.7% missing data
   1   (0.472) 0.007 0.529 0.889 0.666 
   2   (0.528) 0.993 0.471 0.111 0.334 

Locus 8 : 
2 alleles
1.1% missing data
   2   (0.626) 0.019 0.435 0.988 0.926 
   1   (0.374) 0.981 0.565 0.012 0.074 

Locus 9 : 
2 alleles
2.2% missing data
   1   (0.381) 0.585 0.013 0.734 0.465 
   2   (0.619) 0.415 0.987 0.266 0.535 

Locus 10 : 
2 alleles
1.1% missing data
   2   (0.500) 0.989 0.215 0.985 0.015 
   1   (0.500) 0.011 0.785 0.015 0.985 

Values of parameters used in structure:
DATAFILE=infile,	OUTFILE=outfile_K4_R1,	NUMINDS=279,	NUMLOCI=10,	MISSING=0,	LABEL=1,	POPDATA=0,	POPFLAG=0,	PHENOTYPE=0,	EXTRACOLS=0,	MAXPOPS=4,	BURNIN=10000,	NUMREPS=10000,	USEPOPINFO=0,	INFERALPHA=1,	INFERLAMBDA=0,	POPSPECIFICLAMBDA=0,	POPALPHAS=0,	COMPUTEPROB=1,	NOADMIX=0,	ADMBURNIN=500,	UPDATEFREQ=100,	PRINTLIKES=0,	INTERMEDSAVE=0,	PRINTKLD=0,	PRINTNET=1,	PRINTLAMBDA=1,	ANCESTDIST=0,	NUMBOXES=1000,	ANCESTPINT=0.90000,	GENSBACK=2,	MIGRPRIOR=0.01000,	PRINTQHAT=0,	PRINTQSUM=1,	ALPHA=1.0000,	FREQSCORR=1,	FPRIORMEAN=0.0100,	FPRIORSD=0.0500,	ONEFST=0,	LAMBDA=1.0000,	UNIFPRIORALPHA=1,	ALPHAMAX=10.0000,	ALPHAPRIORA=1.0000,	ALPHAPRIORB=2.0000,	ALPHAPROPSD=0.0250,	STARTATPOPINFO=0,	RANDOMIZE=1,	LINKAGE=0,	METROFREQ=10,	REPORTHITRATE=0,	MARKOVPHASE=0,	PHASED=0,	PLOIDY=2,	PHASEINFO=0	LOCPRIOR=0, 	LOCPRIORINIT=1.000000, 	LOCDATA=0, 	LOCISPOP=0, 	LOCPRIORSTEP=0.100000, 	MAXLOCPRIOR=20.000000, 	SEED=1575891348,	
[STRAT parameters]:    NUMSIMSTATS=1000,	PHENOTYPECOL=-9,	POOLFREQ=10,	LOCUSxONLY=0,	EMERROR=0.00100,	MISSINGPHENO=-9,	