

----------------------------------------------------
STRUCTURE by Pritchard, Stephens and Donnelly (2000)
     and Falush, Stephens and Pritchard (2003)
       Code by Pritchard, Falush and Hubisz
             Version 2.3.4 (Jul 2012)
----------------------------------------------------



Command line arguments:   structure -L 10 -N 279 -K 4 -o outfile_K4_R2 
Input File:    infile

Run parameters:
   279 individuals
   10 loci
   4 populations assumed
   10000 Burn-in period
   10000 Reps


--------------------------------------------
Overall proportion of membership of the
sample in each of the 4 clusters

Inferred Clusters
  1      2      3      4    
0.236  0.211  0.301  0.252  

--------------------------------------------

Allele-freq. divergence among pops (Net nucleotide distance),
computed using point estimates of P.

      1       2       3       4      
 1      -    0.2946  0.1578  0.3411  
 2   0.2946     -    0.3308  0.3365  
 3   0.1578  0.3308     -    0.3178  
 4   0.3411  0.3365  0.3178     -    

Average distances (expected heterozygosity) between individuals in same cluster:
cluster  1  : 0.3203 
cluster  2  : 0.2265 
cluster  3  : 0.2928 
cluster  4  : 0.2505 

--------------------------------------------
Estimated Ln Prob of Data   = -3084.8
Mean value of ln likelihood = -2907.9
Variance of ln likelihood   = 353.9
Mean value of alpha         = 0.1658

Mean value of Fst_1         = 0.4388
Mean value of Fst_2         = 0.5597
Mean value of Fst_3         = 0.4622
Mean value of Fst_4         = 0.5898


Inferred ancestry of individuals:
        Label (%Miss) :  Inferred clusters
  1    33-16   (20)   :  0.104 0.800 0.078 0.018 
  2    38-11    (0)   :  0.048 0.030 0.901 0.021 
  3     4226    (0)   :  0.400 0.172 0.404 0.024 
  4     4722    (0)   :  0.021 0.017 0.034 0.928 
  5     A188    (0)   :  0.157 0.170 0.410 0.264 
  6    A214N   (20)   :  0.728 0.025 0.156 0.091 
  7     A239    (0)   :  0.041 0.025 0.915 0.019 
  8     A272    (0)   :  0.121 0.164 0.125 0.590 
  9   A441-5    (0)   :  0.379 0.034 0.057 0.531 
 10     A554    (0)   :  0.166 0.108 0.666 0.060 
 11     A556   (30)   :  0.023 0.922 0.025 0.029 
 12       A6    (0)   :  0.887 0.049 0.048 0.016 
 13     A619    (0)   :  0.122 0.031 0.826 0.020 
 14     A632    (0)   :  0.018 0.033 0.022 0.927 
 15     A634    (0)   :  0.328 0.057 0.086 0.529 
 16     A635    (0)   :  0.067 0.117 0.044 0.771 
 17     A641    (0)   :  0.774 0.022 0.073 0.132 
 18     A654    (0)   :  0.187 0.023 0.089 0.701 
 19     A659    (0)   :  0.036 0.027 0.919 0.018 
 20     A661    (0)   :  0.022 0.205 0.064 0.710 
 21     A679    (0)   :  0.245 0.470 0.130 0.155 
 22     A680    (0)   :  0.025 0.825 0.028 0.123 
 23     A682    (0)   :  0.563 0.114 0.067 0.256 
 24    Ab28A    (0)   :  0.865 0.031 0.067 0.036 
 25      B10    (0)   :  0.021 0.087 0.059 0.833 
 26     B103    (0)   :  0.073 0.015 0.213 0.699 
 27     B104   (10)   :  0.028 0.276 0.384 0.313 
 28     B105    (0)   :  0.100 0.031 0.134 0.735 
 29     B109    (0)   :  0.088 0.560 0.312 0.041 
 30     B115    (0)   :  0.360 0.120 0.474 0.046 
 31     B14A    (0)   :  0.016 0.017 0.016 0.951 
 32     B164    (0)   :  0.374 0.530 0.030 0.066 
 33       B2    (0)   :  0.094 0.748 0.142 0.016 
 34      B37    (0)   :  0.044 0.120 0.800 0.037 
 35      B46    (0)   :  0.157 0.016 0.169 0.658 
 36      B52    (0)   :  0.021 0.074 0.847 0.059 
 37      B57    (0)   :  0.624 0.294 0.021 0.061 
 38      B64    (0)   :  0.015 0.016 0.016 0.953 
 39      B68    (0)   :  0.015 0.017 0.015 0.953 
 40      B73    (0)   :  0.037 0.748 0.105 0.109 
 41 B73Htrhm    (0)   :  0.017 0.944 0.017 0.022 
 42      B75    (0)   :  0.021 0.159 0.064 0.755 
 43      B76    (0)   :  0.047 0.116 0.793 0.044 
 44      B77    (0)   :  0.134 0.045 0.809 0.012 
 45      B79    (0)   :  0.307 0.210 0.408 0.076 
 46      B84    (0)   :  0.025 0.045 0.024 0.906 
 47      B97    (0)   :  0.152 0.190 0.034 0.623 
 48     C103    (0)   :  0.081 0.477 0.018 0.424 
 49     C123    (0)   :  0.091 0.527 0.016 0.366 
 50     C49A   (20)   :  0.030 0.064 0.799 0.107 
 51 CH701-30    (0)   :  0.084 0.032 0.863 0.020 
 52      CH9    (0)   :  0.022 0.048 0.799 0.131 
 53     CI.7    (0)   :  0.053 0.568 0.092 0.287 
 54  CI187-2    (0)   :  0.806 0.017 0.116 0.061 
 55    CI21E    (0)   :  0.031 0.290 0.034 0.645 
 56    CI28A    (0)   :  0.023 0.920 0.037 0.020 
 57    CI31A    (0)   :  0.044 0.865 0.051 0.041 
 58     CI3A    (0)   :  0.075 0.358 0.427 0.140 
 59     CI64    (0)   :  0.025 0.040 0.864 0.071 
 60     CI66    (0)   :  0.109 0.063 0.313 0.515 
 61    CI90C    (0)   :  0.099 0.033 0.851 0.018 
 62    CI91B    (0)   :  0.807 0.016 0.119 0.058 
 63    CM105    (0)   :  0.035 0.046 0.022 0.897 
 64    CM174    (0)   :  0.030 0.207 0.081 0.682 
 65     CM37    (0)   :  0.057 0.268 0.652 0.024 
 66      CM7    (0)   :  0.019 0.142 0.082 0.757 
 67    CML10    (0)   :  0.889 0.051 0.044 0.016 
 68   CML103    (0)   :  0.715 0.019 0.132 0.134 
 69   CML108    (0)   :  0.088 0.144 0.092 0.675 
 70    CML11    (0)   :  0.890 0.054 0.040 0.016 
 71    CML14    (0)   :  0.067 0.365 0.053 0.515 
 72  CML154Q    (0)   :  0.858 0.025 0.100 0.018 
 73  CML157Q    (0)   :  0.525 0.095 0.353 0.028 
 74  CML158Q    (0)   :  0.853 0.023 0.106 0.017 
 75   CML218    (0)   :  0.039 0.016 0.922 0.022 
 76   CML220    (0)   :  0.218 0.031 0.737 0.015 
 77   CML228    (0)   :  0.025 0.908 0.043 0.025 
 78   CML238    (0)   :  0.895 0.031 0.049 0.024 
 79   CML247    (0)   :  0.225 0.135 0.616 0.024 
 80   CML254    (0)   :  0.820 0.018 0.137 0.025 
 81   CML258    (0)   :  0.155 0.611 0.212 0.022 
 82   CML261    (0)   :  0.073 0.019 0.884 0.025 
 83   CML264    (0)   :  0.892 0.031 0.051 0.026 
 84   CML277    (0)   :  0.612 0.120 0.253 0.015 
 85   CML281    (0)   :  0.777 0.021 0.164 0.039 
 86   CML287    (0)   :  0.148 0.050 0.789 0.014 
 87   CML311    (0)   :  0.077 0.302 0.576 0.045 
 88   CML314    (0)   :  0.917 0.029 0.032 0.022 
 89   CML321    (0)   :  0.112 0.337 0.513 0.037 
 90   CML322    (0)   :  0.064 0.410 0.461 0.065 
 91   CML323    (0)   :  0.113 0.149 0.090 0.649 
 92   CML328    (0)   :  0.032 0.095 0.810 0.063 
 93   CML331    (0)   :  0.164 0.092 0.702 0.042 
 94   CML332    (0)   :  0.729 0.033 0.073 0.164 
 95   CML333    (0)   :  0.021 0.074 0.846 0.058 
 96   CML341    (0)   :  0.080 0.041 0.866 0.013 
 97    CML38   (10)   :  0.223 0.028 0.552 0.197 
 98    CML45    (0)   :  0.875 0.040 0.057 0.028 
 99     CML5    (0)   :  0.234 0.072 0.659 0.035 
100    CML52    (0)   :  0.099 0.187 0.632 0.083 
101    CML61    (0)   :  0.089 0.018 0.868 0.025 
102    CML69    (0)   :  0.572 0.098 0.048 0.281 
103    CML77    (0)   :  0.096 0.066 0.813 0.024 
104    CML91    (0)   :  0.295 0.012 0.418 0.275 
105    CML92    (0)   :  0.089 0.652 0.113 0.146 
106     CMV3    (0)   :  0.098 0.737 0.149 0.016 
107    CO106    (0)   :  0.021 0.044 0.780 0.156 
108    CO125    (0)   :  0.031 0.431 0.114 0.424 
109    CO255    (0)   :  0.246 0.361 0.330 0.063 
110    D940Y   (30)   :  0.034 0.021 0.779 0.165 
111        2    (0)   :  0.163 0.041 0.116 0.680 
112        3    (0)   :  0.372 0.322 0.041 0.265 
113      DE1    (0)   :  0.220 0.136 0.053 0.590 
114    DE811    (0)   :  0.015 0.016 0.016 0.953 
115   E2558W    (0)   :  0.040 0.559 0.163 0.238 
116      EP1    (0)   :  0.053 0.018 0.909 0.020 
117   F2834T    (0)   :  0.925 0.025 0.034 0.016 
118      F44    (0)   :  0.199 0.637 0.147 0.017 
119       F6    (0)   :  0.163 0.453 0.032 0.352 
120       F7    (0)   :  0.063 0.161 0.459 0.317 
121    GA209    (0)   :  0.352 0.205 0.081 0.363 
122    GT112    (0)   :  0.094 0.839 0.052 0.015 
123    H105W    (0)   :  0.014 0.015 0.016 0.954 
124      H49    (0)   :  0.077 0.036 0.866 0.022 
125      H84    (0)   :  0.035 0.062 0.807 0.097 
126      H91    (0)   :  0.017 0.016 0.016 0.951 
127      H95    (0)   :  0.027 0.016 0.928 0.030 
128      H99    (0)   :  0.337 0.117 0.495 0.052 
129     Hi27    (0)   :  0.212 0.051 0.096 0.641 
130    Hp301    (0)   :  0.559 0.038 0.084 0.320 
131       Hy    (0)   :  0.015 0.063 0.056 0.865 
132   I137TN    (0)   :  0.120 0.261 0.460 0.159 
133     I205    (0)   :  0.882 0.017 0.081 0.019 
134      I29    (0)   :  0.069 0.505 0.321 0.106 
135   IA2132    (0)   :  0.542 0.051 0.055 0.352 
136   IA5125    (0)   :  0.025 0.052 0.202 0.721 
137    IDS28    (0)   :  0.891 0.016 0.072 0.021 
138    IDS69    (0)   :  0.417 0.028 0.141 0.414 
139    IDS91    (0)   :  0.133 0.013 0.189 0.665 
140    Il101    (0)   :  0.035 0.035 0.054 0.876 
141    Il14H    (0)   :  0.590 0.056 0.310 0.044 
142   Il677a    (0)   :  0.143 0.181 0.435 0.241 
143     K148    (0)   :  0.098 0.137 0.044 0.721 
144       K4    (0)   :  0.054 0.566 0.102 0.278 
145      K55    (0)   :  0.127 0.057 0.293 0.523 
146      K64    (0)   :  0.025 0.041 0.862 0.072 
147     Ki11    (0)   :  0.214 0.030 0.742 0.014 
148     Ki14    (0)   :  0.038 0.601 0.088 0.273 
149   Ki2021    (0)   :  0.031 0.645 0.052 0.272 
150     Ki21    (0)   :  0.875 0.058 0.027 0.039 
151      Ki3    (0)   :  0.028 0.918 0.022 0.033 
152     Ki43    (0)   :  0.062 0.713 0.203 0.022 
153     Ki44    (0)   :  0.545 0.373 0.033 0.049 
154     Ky21    (0)   :  0.229 0.521 0.218 0.032 
155    Ky226    (0)   :  0.272 0.011 0.434 0.282 
156    Ky228    (0)   :  0.055 0.040 0.576 0.330 
157     L317    (0)   :  0.311 0.040 0.092 0.557 
158     L578    (0)   :  0.679 0.224 0.082 0.015 
159      M14    (0)   :  0.016 0.040 0.147 0.797 
160    M162W    (0)   :  0.028 0.041 0.862 0.069 
161     M37W    (0)   :  0.077 0.120 0.487 0.317 
162 MEF156-55-2    (0)   :  0.026 0.350 0.414 0.210 
163     Mo17    (0)   :  0.516 0.120 0.033 0.331 
164    Mo18W    (0)   :  0.078 0.040 0.862 0.020 
165     Mo1W    (0)   :  0.085 0.019 0.870 0.025 
166    Mo24W    (0)   :  0.082 0.026 0.874 0.018 
167     Mo44    (0)   :  0.047 0.140 0.754 0.058 
168     Mo45    (0)   :  0.470 0.066 0.400 0.065 
169     Mo46    (0)   :  0.668 0.022 0.137 0.172 
170     Mo47    (0)   :  0.226 0.086 0.641 0.047 
171      MoG    (0)   :  0.608 0.248 0.056 0.088 
172    Mp339    (0)   :  0.110 0.828 0.047 0.015 
173   MS1334    (0)   :  0.719 0.055 0.105 0.121 
174    MS153    (0)   :  0.082 0.665 0.125 0.129 
175     MS71    (0)   :  0.886 0.054 0.042 0.018 
176     Mt42    (0)   :  0.035 0.091 0.823 0.051 
177     N192    (0)   :  0.022 0.037 0.013 0.928 
178    N28Ht    (0)   :  0.552 0.350 0.026 0.072 
179       N6    (0)   :  0.261 0.541 0.169 0.029 
180      N7A    (0)   :  0.134 0.032 0.818 0.016 
181    NC222    (0)   :  0.700 0.020 0.227 0.052 
182    NC230    (0)   :  0.836 0.019 0.058 0.086 
183    NC232    (0)   :  0.297 0.027 0.234 0.442 
184    NC236    (0)   :  0.110 0.196 0.401 0.294 
185    NC238    (0)   :  0.304 0.121 0.056 0.519 
186    NC250    (0)   :  0.044 0.106 0.807 0.042 
187    NC258    (0)   :  0.017 0.945 0.016 0.022 
188    NC260    (0)   :  0.033 0.105 0.790 0.073 
189    NC262    (0)   :  0.025 0.838 0.030 0.107 
190    NC264    (0)   :  0.024 0.028 0.045 0.903 
191   NC290A    (0)   :  0.022 0.835 0.028 0.115 
192    NC294    (0)   :  0.072 0.045 0.868 0.015 
193    NC296    (0)   :  0.026 0.040 0.014 0.919 
194   NC296A    (0)   :  0.033 0.032 0.022 0.913 
195    NC298    (0)   :  0.021 0.034 0.014 0.931 
196    NC300    (0)   :  0.915 0.041 0.022 0.022 
197    NC302    (0)   :  0.031 0.304 0.032 0.633 
198    NC304    (0)   :  0.178 0.711 0.015 0.096 
199    NC306    (0)   :  0.016 0.943 0.018 0.022 
200    NC310    (0)   :  0.017 0.948 0.016 0.020 
201    NC314    (0)   :  0.049 0.119 0.791 0.041 
202    NC318    (0)   :  0.079 0.167 0.089 0.665 
203    NC320    (0)   :  0.097 0.141 0.090 0.673 
204    NC324    (0)   :  0.089 0.027 0.865 0.018 
205    NC326    (0)   :  0.018 0.946 0.017 0.019 
206    NC328    (0)   :  0.016 0.947 0.016 0.022 
207     NC33    (0)   :  0.660 0.085 0.036 0.218 
208    NC336    (0)   :  0.028 0.044 0.014 0.914 
209    NC338   (60)   :  0.040 0.035 0.031 0.894 
210    NC340    (0)   :  0.919 0.040 0.021 0.021 
211    NC342    (0)   :  0.017 0.198 0.030 0.755 
212    NC344    (0)   :  0.029 0.899 0.023 0.049 
213    NC346    (0)   :  0.030 0.035 0.022 0.913 
214    NC348    (0)   :  0.093 0.111 0.028 0.768 
215    NC350    (0)   :  0.237 0.485 0.241 0.036 
216    NC352    (0)   :  0.026 0.040 0.015 0.919 
217    NC354    (0)   :  0.034 0.075 0.030 0.861 
218    NC356    (0)   :  0.212 0.083 0.674 0.031 
219    NC358    (0)   :  0.224 0.073 0.667 0.035 
220    NC360    (0)   :  0.112 0.721 0.151 0.016 
221    NC362    (0)   :  0.021 0.947 0.016 0.016 
222    NC364    (0)   :  0.022 0.947 0.014 0.017 
223    NC366    (0)   :  0.014 0.039 0.149 0.798 
224    NC368    (0)   :  0.065 0.320 0.566 0.050 
225    ND246    (0)   :  0.474 0.159 0.314 0.053 
226    Oh40B    (0)   :  0.524 0.271 0.175 0.031 
227     Oh43    (0)   :  0.026 0.018 0.926 0.030 
228    Oh43E    (0)   :  0.040 0.018 0.913 0.029 
229    Oh603    (0)   :  0.081 0.016 0.204 0.699 
230     Oh7B    (0)   :  0.033 0.017 0.923 0.026 
231    Os420    (0)   :  0.160 0.258 0.375 0.207 
232      P39    (0)   :  0.121 0.019 0.108 0.752 
233    Pa762    (0)   :  0.267 0.053 0.624 0.056 
234    Pa875    (0)   :  0.601 0.071 0.108 0.220 
235    Pa880    (0)   :  0.034 0.029 0.560 0.377 
236     PA91    (0)   :  0.035 0.013 0.913 0.040 
237    R109B   (10)   :  0.091 0.803 0.071 0.035 
238     R168   (30)   :  0.906 0.027 0.044 0.024 
239     R177    (0)   :  0.928 0.026 0.030 0.016 
240     R229    (0)   :  0.028 0.919 0.020 0.033 
241       R4    (0)   :  0.039 0.745 0.031 0.185 
242     SA24    (0)   :  0.021 0.015 0.030 0.934 
243   SC213R    (0)   :  0.027 0.132 0.247 0.594 
244    SC357    (0)   :  0.058 0.326 0.568 0.048 
245     SC55    (0)   :  0.050 0.040 0.585 0.325 
246     SD40    (0)   :  0.084 0.177 0.121 0.618 
247     SD44    (0)   :  0.316 0.023 0.232 0.429 
248   Sg1533    (0)   :  0.208 0.016 0.164 0.612 
249     Sg18    (0)   :  0.540 0.037 0.099 0.324 
250     T232    (0)   :  0.524 0.022 0.209 0.246 
251     T234    (0)   :  0.200 0.039 0.125 0.636 
252       T8    (0)   :  0.704 0.144 0.121 0.031 
253    Tx303    (0)   :  0.386 0.165 0.387 0.062 
254    Tx601    (0)   :  0.871 0.027 0.061 0.041 
255    Tzi10    (0)   :  0.090 0.036 0.836 0.038 
256    Tzi11    (0)   :  0.366 0.232 0.388 0.015 
257    Tzi16    (0)   :  0.445 0.473 0.027 0.055 
258    Tzi18    (0)   :  0.061 0.435 0.456 0.048 
259    Tzi25    (0)   :  0.022 0.068 0.848 0.062 
260     Tzi9    (0)   :  0.218 0.032 0.735 0.015 
261    U267Y    (0)   :  0.242 0.377 0.295 0.086 
262    VA102    (0)   :  0.515 0.272 0.180 0.032 
263     Va14    (0)   :  0.042 0.036 0.536 0.387 
264     Va17    (0)   :  0.035 0.016 0.904 0.045 
265     Va22    (0)   :  0.268 0.054 0.613 0.065 
266     Va26   (50)   :  0.030 0.054 0.798 0.118 
267     Va35    (0)   :  0.695 0.151 0.124 0.031 
268     Va59    (0)   :  0.151 0.715 0.092 0.042 
269     Va85    (0)   :  0.577 0.137 0.129 0.157 
270     Va99    (0)   :  0.035 0.013 0.913 0.038 
271     VaW6    (0)   :  0.279 0.055 0.608 0.058 
272   W117Ht    (0)   :  0.709 0.138 0.125 0.028 
273    W153R    (0)   :  0.588 0.213 0.067 0.132 
274    W182B    (0)   :  0.404 0.241 0.048 0.308 
275      W22    (0)   :  0.280 0.058 0.278 0.384 
276  R-r:std    (0)   :  0.292 0.062 0.265 0.381 
277       WD    (0)   :  0.337 0.285 0.339 0.039 
278      WF9    (0)   :  0.038 0.015 0.901 0.046 
279       NS    (0)   :  0.119 0.347 0.017 0.517 


Estimated Allele Frequencies in each cluster
First column gives estimated ancestral frequencies


Locus 1 : 
2 alleles
1.1% missing data
   2   (0.498) 0.353 0.422 0.577 0.685 
   1   (0.502) 0.647 0.578 0.423 0.315 

Locus 2 : 
2 alleles
1.1% missing data
   2   (0.527) 0.673 0.496 0.575 0.441 
   1   (0.473) 0.327 0.504 0.425 0.559 

Locus 3 : 
2 alleles
0.0% missing data
   2   (0.692) 0.131 0.995 0.997 0.132 
   1   (0.308) 0.869 0.005 0.003 0.868 

Locus 4 : 
2 alleles
1.1% missing data
   2   (0.521) 0.451 0.018 0.958 0.746 
   1   (0.479) 0.549 0.982 0.042 0.254 

Locus 5 : 
2 alleles
1.4% missing data
   2   (0.682) 0.982 0.131 0.987 0.029 
   1   (0.318) 0.018 0.869 0.013 0.971 

Locus 6 : 
2 alleles
0.7% missing data
   1   (0.476) 0.348 0.777 0.449 0.235 
   2   (0.524) 0.652 0.223 0.551 0.765 

Locus 7 : 
2 alleles
0.7% missing data
   1   (0.466) 0.667 0.874 0.536 0.007 
   2   (0.534) 0.333 0.126 0.464 0.993 

Locus 8 : 
2 alleles
1.1% missing data
   2   (0.624) 0.935 0.986 0.438 0.018 
   1   (0.376) 0.065 0.014 0.562 0.982 

Locus 9 : 
2 alleles
2.2% missing data
   1   (0.383) 0.461 0.742 0.013 0.582 
   2   (0.617) 0.539 0.258 0.987 0.418 

Locus 10 : 
2 alleles
1.1% missing data
   2   (0.529) 0.016 0.987 0.206 0.990 
   1   (0.471) 0.984 0.013 0.794 0.010 

Values of parameters used in structure:
DATAFILE=infile,	OUTFILE=outfile_K4_R2,	NUMINDS=279,	NUMLOCI=10,	MISSING=0,	LABEL=1,	POPDATA=0,	POPFLAG=0,	PHENOTYPE=0,	EXTRACOLS=0,	MAXPOPS=4,	BURNIN=10000,	NUMREPS=10000,	USEPOPINFO=0,	INFERALPHA=1,	INFERLAMBDA=0,	POPSPECIFICLAMBDA=0,	POPALPHAS=0,	COMPUTEPROB=1,	NOADMIX=0,	ADMBURNIN=500,	UPDATEFREQ=100,	PRINTLIKES=0,	INTERMEDSAVE=0,	PRINTKLD=0,	PRINTNET=1,	PRINTLAMBDA=1,	ANCESTDIST=0,	NUMBOXES=1000,	ANCESTPINT=0.90000,	GENSBACK=2,	MIGRPRIOR=0.01000,	PRINTQHAT=0,	PRINTQSUM=1,	ALPHA=1.0000,	FREQSCORR=1,	FPRIORMEAN=0.0100,	FPRIORSD=0.0500,	ONEFST=0,	LAMBDA=1.0000,	UNIFPRIORALPHA=1,	ALPHAMAX=10.0000,	ALPHAPRIORA=1.0000,	ALPHAPRIORB=2.0000,	ALPHAPROPSD=0.0250,	STARTATPOPINFO=0,	RANDOMIZE=1,	LINKAGE=0,	METROFREQ=10,	REPORTHITRATE=0,	MARKOVPHASE=0,	PHASED=0,	PLOIDY=2,	PHASEINFO=0	LOCPRIOR=0, 	LOCPRIORINIT=1.000000, 	LOCDATA=0, 	LOCISPOP=0, 	LOCPRIORSTEP=0.100000, 	MAXLOCPRIOR=20.000000, 	SEED=1575891359,	
[STRAT parameters]:    NUMSIMSTATS=1000,	PHENOTYPECOL=-9,	POOLFREQ=10,	LOCUSxONLY=0,	EMERROR=0.00100,	MISSINGPHENO=-9,	