

----------------------------------------------------
STRUCTURE by Pritchard, Stephens and Donnelly (2000)
     and Falush, Stephens and Pritchard (2003)
       Code by Pritchard, Falush and Hubisz
             Version 2.3.4 (Jul 2012)
----------------------------------------------------



Command line arguments:   structure -L 10 -N 279 -K 5 -o outfile_K5_R2 
Input File:    infile

Run parameters:
   279 individuals
   10 loci
   5 populations assumed
   10000 Burn-in period
   10000 Reps


--------------------------------------------
Overall proportion of membership of the
sample in each of the 5 clusters

Inferred Clusters
  1      2      3      4      5    
0.158  0.242  0.194  0.225  0.181  

--------------------------------------------

Allele-freq. divergence among pops (Net nucleotide distance),
computed using point estimates of P.

      1       2       3       4       5      
 1      -    0.1625  0.1938  0.2795  0.2597  
 2   0.1625     -    0.1313  0.2725  0.2429  
 3   0.1938  0.1313     -    0.2434  0.2521  
 4   0.2795  0.2725  0.2434     -    0.2426  
 5   0.2597  0.2429  0.2521  0.2426     -    

Average distances (expected heterozygosity) between individuals in same cluster:
cluster  1  : 0.2579 
cluster  2  : 0.3291 
cluster  3  : 0.3561 
cluster  4  : 0.3061 
cluster  5  : 0.2945 

--------------------------------------------
Estimated Ln Prob of Data   = -2901.4
Mean value of ln likelihood = -2760.4
Variance of ln likelihood   = 282.0
Mean value of alpha         = 0.0497

Mean value of Fst_1         = 0.5586
Mean value of Fst_2         = 0.4607
Mean value of Fst_3         = 0.4076
Mean value of Fst_4         = 0.4689
Mean value of Fst_5         = 0.4756


Inferred ancestry of individuals:
        Label (%Miss) :  Inferred clusters
  1    33-16   (20)   :  0.021 0.033 0.012 0.006 0.927 
  2    38-11    (0)   :  0.953 0.016 0.017 0.008 0.006 
  3     4226    (0)   :  0.036 0.886 0.038 0.006 0.033 
  4     4722    (0)   :  0.007 0.008 0.009 0.971 0.005 
  5     A188    (0)   :  0.010 0.932 0.019 0.021 0.018 
  6    A214N   (20)   :  0.070 0.015 0.880 0.026 0.009 
  7     A239    (0)   :  0.937 0.032 0.019 0.006 0.006 
  8     A272    (0)   :  0.051 0.081 0.180 0.588 0.100 
  9   A441-5    (0)   :  0.018 0.017 0.767 0.184 0.014 
 10     A554    (0)   :  0.022 0.942 0.014 0.009 0.013 
 11     A556   (30)   :  0.007 0.015 0.007 0.012 0.960 
 12       A6    (0)   :  0.010 0.045 0.912 0.007 0.026 
 13     A619    (0)   :  0.061 0.891 0.030 0.007 0.011 
 14     A632    (0)   :  0.010 0.005 0.008 0.968 0.009 
 15     A634    (0)   :  0.129 0.015 0.169 0.626 0.061 
 16     A635    (0)   :  0.061 0.014 0.077 0.787 0.061 
 17     A641    (0)   :  0.029 0.016 0.900 0.045 0.010 
 18     A654    (0)   :  0.011 0.029 0.041 0.911 0.008 
 19     A659    (0)   :  0.945 0.030 0.014 0.005 0.006 
 20     A661    (0)   :  0.051 0.016 0.006 0.866 0.061 
 21     A679    (0)   :  0.062 0.191 0.141 0.080 0.526 
 22     A680    (0)   :  0.015 0.008 0.005 0.035 0.938 
 23     A682    (0)   :  0.082 0.016 0.373 0.260 0.269 
 24    Ab28A    (0)   :  0.011 0.054 0.901 0.018 0.016 
 25      B10    (0)   :  0.023 0.017 0.007 0.927 0.027 
 26     B103    (0)   :  0.118 0.012 0.025 0.840 0.006 
 27     B104   (10)   :  0.669 0.031 0.020 0.189 0.092 
 28     B105    (0)   :  0.061 0.010 0.020 0.897 0.013 
 29     B109    (0)   :  0.552 0.023 0.022 0.020 0.383 
 30     B115    (0)   :  0.023 0.929 0.019 0.011 0.018 
 31     B14A    (0)   :  0.007 0.004 0.006 0.978 0.006 
 32     B164    (0)   :  0.019 0.007 0.069 0.025 0.881 
 33       B2    (0)   :  0.191 0.018 0.021 0.007 0.763 
 34      B37    (0)   :  0.967 0.008 0.008 0.006 0.011 
 35      B46    (0)   :  0.039 0.050 0.499 0.407 0.006 
 36      B52    (0)   :  0.970 0.007 0.006 0.009 0.008 
 37      B57    (0)   :  0.008 0.017 0.186 0.021 0.768 
 38      B64    (0)   :  0.007 0.005 0.008 0.975 0.006 
 39      B68    (0)   :  0.006 0.005 0.006 0.976 0.007 
 40      B73    (0)   :  0.212 0.019 0.025 0.051 0.694 
 41 B73Htrhm    (0)   :  0.009 0.005 0.005 0.008 0.973 
 42      B75    (0)   :  0.034 0.020 0.006 0.902 0.038 
 43      B76    (0)   :  0.964 0.009 0.008 0.007 0.012 
 44      B77    (0)   :  0.110 0.836 0.035 0.005 0.015 
 45      B79    (0)   :  0.166 0.486 0.136 0.069 0.143 
 46      B84    (0)   :  0.009 0.006 0.012 0.958 0.015 
 47      B97    (0)   :  0.012 0.030 0.098 0.628 0.233 
 48     C103    (0)   :  0.006 0.009 0.026 0.221 0.738 
 49     C123    (0)   :  0.007 0.006 0.027 0.136 0.824 
 50     C49A   (20)   :  0.946 0.014 0.008 0.022 0.010 
 51 CH701-30    (0)   :  0.936 0.028 0.022 0.006 0.009 
 52      CH9    (0)   :  0.937 0.013 0.008 0.033 0.008 
 53     CI.7    (0)   :  0.020 0.099 0.015 0.198 0.667 
 54  CI187-2    (0)   :  0.039 0.012 0.928 0.015 0.006 
 55    CI21E    (0)   :  0.006 0.062 0.006 0.787 0.138 
 56    CI28A    (0)   :  0.024 0.010 0.010 0.008 0.948 
 57    CI31A    (0)   :  0.039 0.016 0.021 0.017 0.907 
 58     CI3A    (0)   :  0.271 0.331 0.112 0.107 0.177 
 59     CI64    (0)   :  0.468 0.378 0.021 0.109 0.024 
 60     CI66    (0)   :  0.009 0.840 0.016 0.125 0.010 
 61    CI90C    (0)   :  0.053 0.904 0.025 0.007 0.012 
 62    CI91B    (0)   :  0.033 0.010 0.939 0.012 0.005 
 63    CM105    (0)   :  0.008 0.007 0.017 0.951 0.017 
 64    CM174    (0)   :  0.032 0.025 0.009 0.861 0.073 
 65     CM37    (0)   :  0.954 0.007 0.011 0.006 0.022 
 66      CM7    (0)   :  0.016 0.033 0.006 0.899 0.046 
 67    CML10    (0)   :  0.019 0.009 0.944 0.005 0.023 
 68   CML103    (0)   :  0.011 0.097 0.850 0.035 0.007 
 69   CML108    (0)   :  0.159 0.012 0.075 0.667 0.087 
 70    CML11    (0)   :  0.022 0.011 0.931 0.005 0.031 
 71    CML14    (0)   :  0.024 0.047 0.086 0.557 0.286 
 72  CML154Q    (0)   :  0.016 0.020 0.948 0.005 0.010 
 73  CML157Q    (0)   :  0.019 0.929 0.027 0.007 0.018 
 74  CML158Q    (0)   :  0.014 0.032 0.940 0.005 0.008 
 75   CML218    (0)   :  0.029 0.945 0.014 0.008 0.004 
 76   CML220    (0)   :  0.037 0.906 0.044 0.005 0.008 
 77   CML228    (0)   :  0.019 0.024 0.010 0.012 0.935 
 78   CML238    (0)   :  0.016 0.011 0.950 0.008 0.014 
 79   CML247    (0)   :  0.018 0.946 0.018 0.006 0.012 
 80   CML254    (0)   :  0.018 0.029 0.941 0.006 0.006 
 81   CML258    (0)   :  0.023 0.739 0.049 0.007 0.182 
 82   CML261    (0)   :  0.047 0.920 0.020 0.007 0.006 
 83   CML264    (0)   :  0.019 0.012 0.949 0.006 0.014 
 84   CML277    (0)   :  0.013 0.922 0.041 0.005 0.019 
 85   CML281    (0)   :  0.060 0.011 0.917 0.007 0.005 
 86   CML287    (0)   :  0.087 0.862 0.034 0.004 0.013 
 87   CML311    (0)   :  0.044 0.869 0.036 0.011 0.041 
 88   CML314    (0)   :  0.006 0.034 0.931 0.010 0.019 
 89   CML321    (0)   :  0.036 0.855 0.050 0.009 0.049 
 90   CML322    (0)   :  0.014 0.921 0.012 0.017 0.036 
 91   CML323    (0)   :  0.039 0.033 0.132 0.688 0.107 
 92   CML328    (0)   :  0.964 0.007 0.007 0.011 0.011 
 93   CML331    (0)   :  0.465 0.373 0.101 0.021 0.040 
 94   CML332    (0)   :  0.008 0.160 0.755 0.063 0.015 
 95   CML333    (0)   :  0.967 0.009 0.005 0.011 0.008 
 96   CML341    (0)   :  0.132 0.820 0.029 0.005 0.014 
 97    CML38   (10)   :  0.425 0.014 0.464 0.087 0.010 
 98    CML45    (0)   :  0.013 0.029 0.930 0.009 0.019 
 99     CML5    (0)   :  0.015 0.958 0.013 0.007 0.007 
100    CML52    (0)   :  0.022 0.914 0.030 0.010 0.024 
101    CML61    (0)   :  0.035 0.932 0.018 0.008 0.007 
102    CML69    (0)   :  0.007 0.041 0.845 0.070 0.037 
103    CML77    (0)   :  0.950 0.018 0.017 0.005 0.010 
104    CML91    (0)   :  0.025 0.197 0.589 0.185 0.004 
105    CML92    (0)   :  0.040 0.153 0.042 0.082 0.682 
106     CMV3    (0)   :  0.216 0.015 0.024 0.007 0.738 
107    CO106    (0)   :  0.944 0.010 0.006 0.033 0.008 
108    CO125    (0)   :  0.018 0.117 0.013 0.653 0.200 
109    CO255    (0)   :  0.066 0.347 0.028 0.037 0.522 
110    D940Y   (30)   :  0.035 0.773 0.010 0.176 0.006 
111        2    (0)   :  0.068 0.013 0.037 0.861 0.021 
112        3    (0)   :  0.027 0.007 0.070 0.180 0.716 
113      DE1    (0)   :  0.018 0.013 0.036 0.827 0.106 
114    DE811    (0)   :  0.007 0.005 0.006 0.975 0.006 
115   E2558W    (0)   :  0.026 0.343 0.018 0.239 0.375 
116      EP1    (0)   :  0.027 0.939 0.021 0.007 0.005 
117   F2834T    (0)   :  0.006 0.024 0.951 0.005 0.014 
118      F44    (0)   :  0.013 0.691 0.053 0.006 0.237 
119       F6    (0)   :  0.011 0.014 0.086 0.204 0.685 
120       F7    (0)   :  0.083 0.322 0.013 0.493 0.089 
121    GA209    (0)   :  0.032 0.027 0.570 0.204 0.166 
122    GT112    (0)   :  0.010 0.022 0.012 0.006 0.950 
123    H105W    (0)   :  0.006 0.004 0.007 0.976 0.006 
124      H49    (0)   :  0.931 0.028 0.025 0.006 0.010 
125      H84    (0)   :  0.957 0.008 0.008 0.016 0.011 
126      H91    (0)   :  0.005 0.005 0.006 0.979 0.005 
127      H95    (0)   :  0.065 0.903 0.014 0.014 0.005 
128      H99    (0)   :  0.019 0.931 0.019 0.011 0.021 
129     Hi27    (0)   :  0.020 0.110 0.260 0.587 0.022 
130    Hp301    (0)   :  0.008 0.037 0.901 0.044 0.010 
131       Hy    (0)   :  0.023 0.011 0.005 0.948 0.013 
132   I137TN    (0)   :  0.009 0.939 0.012 0.020 0.020 
133     I205    (0)   :  0.010 0.023 0.955 0.005 0.007 
134      I29    (0)   :  0.159 0.304 0.050 0.068 0.419 
135   IA2132    (0)   :  0.029 0.052 0.322 0.505 0.093 
136   IA5125    (0)   :  0.027 0.098 0.009 0.851 0.014 
137    IDS28    (0)   :  0.009 0.026 0.953 0.006 0.005 
138    IDS69    (0)   :  0.010 0.062 0.845 0.074 0.009 
139    IDS91    (0)   :  0.016 0.167 0.285 0.526 0.005 
140    Il101    (0)   :  0.010 0.013 0.014 0.953 0.010 
141    Il14H    (0)   :  0.010 0.951 0.019 0.008 0.012 
142   Il677a    (0)   :  0.137 0.384 0.019 0.298 0.162 
143     K148    (0)   :  0.053 0.020 0.105 0.732 0.091 
144       K4    (0)   :  0.020 0.107 0.017 0.185 0.672 
145      K55    (0)   :  0.006 0.876 0.015 0.093 0.009 
146      K64    (0)   :  0.475 0.397 0.016 0.086 0.026 
147     Ki11    (0)   :  0.029 0.925 0.033 0.004 0.008 
148     Ki14    (0)   :  0.014 0.241 0.021 0.242 0.481 
149   Ki2021    (0)   :  0.012 0.127 0.016 0.233 0.612 
150     Ki21    (0)   :  0.012 0.014 0.892 0.017 0.065 
151      Ki3    (0)   :  0.009 0.007 0.007 0.009 0.968 
152     Ki43    (0)   :  0.363 0.016 0.015 0.009 0.598 
153     Ki44    (0)   :  0.011 0.009 0.897 0.012 0.071 
154     Ky21    (0)   :  0.013 0.743 0.077 0.012 0.155 
155    Ky226    (0)   :  0.028 0.219 0.572 0.176 0.005 
156    Ky228    (0)   :  0.012 0.921 0.013 0.047 0.007 
157     L317    (0)   :  0.015 0.065 0.074 0.824 0.022 
158     L578    (0)   :  0.008 0.858 0.057 0.005 0.072 
159      M14    (0)   :  0.104 0.013 0.006 0.867 0.010 
160    M162W    (0)   :  0.462 0.391 0.016 0.097 0.034 
161     M37W    (0)   :  0.054 0.368 0.016 0.515 0.048 
162 MEF156-55-2    (0)   :  0.193 0.348 0.023 0.236 0.200 
163     Mo17    (0)   :  0.013 0.038 0.144 0.377 0.428 
164    Mo18W    (0)   :  0.941 0.023 0.022 0.006 0.008 
165     Mo1W    (0)   :  0.037 0.916 0.031 0.009 0.007 
166    Mo24W    (0)   :  0.941 0.023 0.024 0.004 0.007 
167     Mo44    (0)   :  0.956 0.009 0.010 0.009 0.016 
168     Mo45    (0)   :  0.392 0.287 0.211 0.043 0.067 
169     Mo46    (0)   :  0.026 0.022 0.910 0.034 0.007 
170     Mo47    (0)   :  0.014 0.950 0.014 0.010 0.011 
171      MoG    (0)   :  0.035 0.025 0.479 0.056 0.405 
172    Mp339    (0)   :  0.010 0.026 0.011 0.006 0.947 
173   MS1334    (0)   :  0.009 0.118 0.802 0.036 0.035 
174    MS153    (0)   :  0.048 0.130 0.047 0.081 0.694 
175     MS71    (0)   :  0.015 0.011 0.947 0.005 0.022 
176     Mt42    (0)   :  0.592 0.242 0.022 0.067 0.078 
177     N192    (0)   :  0.004 0.004 0.007 0.973 0.011 
178    N28Ht    (0)   :  0.017 0.008 0.174 0.022 0.779 
179       N6    (0)   :  0.102 0.196 0.286 0.011 0.405 
180      N7A    (0)   :  0.915 0.034 0.038 0.006 0.007 
181    NC222    (0)   :  0.021 0.051 0.905 0.014 0.009 
182    NC230    (0)   :  0.011 0.064 0.871 0.044 0.010 
183    NC232    (0)   :  0.026 0.020 0.878 0.068 0.008 
184    NC236    (0)   :  0.576 0.040 0.023 0.217 0.144 
185    NC238    (0)   :  0.010 0.044 0.045 0.781 0.120 
186    NC250    (0)   :  0.966 0.010 0.008 0.007 0.009 
187    NC258    (0)   :  0.011 0.005 0.005 0.009 0.969 
188    NC260    (0)   :  0.959 0.010 0.006 0.012 0.014 
189    NC262    (0)   :  0.013 0.007 0.007 0.027 0.947 
190    NC264    (0)   :  0.011 0.010 0.010 0.960 0.009 
191   NC290A    (0)   :  0.012 0.006 0.006 0.035 0.940 
192    NC294    (0)   :  0.958 0.015 0.015 0.004 0.007 
193    NC296    (0)   :  0.004 0.007 0.006 0.970 0.012 
194   NC296A    (0)   :  0.005 0.010 0.011 0.964 0.010 
195    NC298    (0)   :  0.005 0.004 0.006 0.970 0.015 
196    NC300    (0)   :  0.007 0.009 0.947 0.007 0.031 
197    NC302    (0)   :  0.007 0.054 0.006 0.790 0.143 
198    NC304    (0)   :  0.004 0.006 0.031 0.019 0.940 
199    NC306    (0)   :  0.010 0.005 0.005 0.006 0.974 
200    NC310    (0)   :  0.008 0.005 0.005 0.008 0.974 
201    NC314    (0)   :  0.966 0.009 0.008 0.007 0.011 
202    NC318    (0)   :  0.171 0.011 0.082 0.657 0.079 
203    NC320    (0)   :  0.153 0.009 0.092 0.630 0.116 
204    NC324    (0)   :  0.947 0.023 0.019 0.005 0.006 
205    NC326    (0)   :  0.009 0.005 0.005 0.009 0.971 
206    NC328    (0)   :  0.010 0.007 0.006 0.007 0.971 
207     NC33    (0)   :  0.005 0.034 0.898 0.036 0.028 
208    NC336    (0)   :  0.004 0.006 0.007 0.969 0.013 
209    NC338   (60)   :  0.011 0.009 0.016 0.943 0.020 
210    NC340    (0)   :  0.008 0.009 0.949 0.007 0.026 
211    NC342    (0)   :  0.012 0.010 0.005 0.917 0.055 
212    NC344    (0)   :  0.011 0.007 0.008 0.015 0.959 
213    NC346    (0)   :  0.005 0.010 0.010 0.963 0.011 
214    NC348    (0)   :  0.026 0.010 0.066 0.809 0.089 
215    NC350    (0)   :  0.010 0.874 0.042 0.009 0.065 
216    NC352    (0)   :  0.003 0.007 0.006 0.968 0.016 
217    NC354    (0)   :  0.007 0.013 0.010 0.948 0.023 
218    NC356    (0)   :  0.013 0.953 0.017 0.007 0.010 
219    NC358    (0)   :  0.014 0.956 0.015 0.007 0.008 
220    NC360    (0)   :  0.048 0.070 0.022 0.007 0.853 
221    NC362    (0)   :  0.004 0.008 0.006 0.006 0.976 
222    NC364    (0)   :  0.005 0.007 0.006 0.006 0.976 
223    NC366    (0)   :  0.086 0.018 0.006 0.879 0.011 
224    NC368    (0)   :  0.736 0.067 0.083 0.027 0.088 
225    ND246    (0)   :  0.007 0.954 0.012 0.008 0.019 
226    Oh40B    (0)   :  0.012 0.849 0.023 0.011 0.106 
227     Oh43    (0)   :  0.064 0.901 0.014 0.016 0.005 
228    Oh43E    (0)   :  0.042 0.928 0.012 0.012 0.005 
229    Oh603    (0)   :  0.104 0.014 0.029 0.847 0.006 
230     Oh7B    (0)   :  0.933 0.038 0.016 0.008 0.005 
231    Os420    (0)   :  0.512 0.045 0.030 0.169 0.244 
232      P39    (0)   :  0.013 0.021 0.026 0.933 0.008 
233    Pa762    (0)   :  0.008 0.965 0.011 0.009 0.007 
234    Pa875    (0)   :  0.009 0.027 0.938 0.017 0.009 
235    Pa880    (0)   :  0.012 0.886 0.012 0.083 0.007 
236     PA91    (0)   :  0.034 0.934 0.012 0.016 0.004 
237    R109B   (10)   :  0.011 0.034 0.013 0.010 0.933 
238     R168   (30)   :  0.013 0.017 0.956 0.007 0.008 
239     R177    (0)   :  0.007 0.030 0.947 0.005 0.011 
240     R229    (0)   :  0.008 0.007 0.007 0.010 0.968 
241       R4    (0)   :  0.011 0.011 0.010 0.059 0.909 
242     SA24    (0)   :  0.007 0.012 0.009 0.967 0.005 
243   SC213R    (0)   :  0.059 0.130 0.008 0.766 0.036 
244    SC357    (0)   :  0.731 0.065 0.071 0.025 0.108 
245     SC55    (0)   :  0.012 0.930 0.015 0.035 0.009 
246     SD40    (0)   :  0.227 0.016 0.172 0.505 0.080 
247     SD44    (0)   :  0.095 0.041 0.555 0.300 0.008 
248   Sg1533    (0)   :  0.014 0.152 0.467 0.361 0.005 
249     Sg18    (0)   :  0.010 0.047 0.887 0.048 0.008 
250     T232    (0)   :  0.034 0.025 0.862 0.072 0.007 
251     T234    (0)   :  0.021 0.033 0.050 0.871 0.025 
252       T8    (0)   :  0.008 0.912 0.026 0.009 0.045 
253    Tx303    (0)   :  0.008 0.945 0.014 0.012 0.021 
254    Tx601    (0)   :  0.025 0.013 0.940 0.010 0.012 
255    Tzi10    (0)   :  0.198 0.698 0.039 0.039 0.027 
256    Tzi11    (0)   :  0.034 0.875 0.034 0.005 0.053 
257    Tzi16    (0)   :  0.009 0.013 0.077 0.020 0.880 
258    Tzi18    (0)   :  0.173 0.411 0.019 0.039 0.357 
259    Tzi25    (0)   :  0.969 0.007 0.006 0.010 0.008 
260     Tzi9    (0)   :  0.034 0.919 0.035 0.005 0.008 
261    U267Y    (0)   :  0.011 0.885 0.046 0.016 0.043 
262    VA102    (0)   :  0.011 0.849 0.028 0.011 0.101 
263     Va14    (0)   :  0.380 0.255 0.058 0.294 0.014 
264     Va17    (0)   :  0.871 0.077 0.025 0.021 0.006 
265     Va22    (0)   :  0.009 0.958 0.015 0.012 0.007 
266     Va26   (50)   :  0.723 0.156 0.012 0.095 0.014 
267     Va35    (0)   :  0.008 0.927 0.023 0.008 0.034 
268     Va59    (0)   :  0.012 0.038 0.011 0.016 0.923 
269     Va85    (0)   :  0.014 0.031 0.919 0.016 0.020 
270     Va99    (0)   :  0.024 0.946 0.010 0.016 0.004 
271     VaW6    (0)   :  0.010 0.961 0.011 0.010 0.008 
272   W117Ht    (0)   :  0.007 0.912 0.027 0.009 0.045 
273    W153R    (0)   :  0.025 0.033 0.281 0.123 0.538 
274    W182B    (0)   :  0.011 0.023 0.770 0.089 0.107 
275      W22    (0)   :  0.059 0.019 0.842 0.069 0.010 
276  R-r:std    (0)   :  0.057 0.020 0.851 0.061 0.011 
277       WD    (0)   :  0.008 0.937 0.013 0.008 0.035 
278      WF9    (0)   :  0.883 0.065 0.027 0.020 0.005 
279       NS    (0)   :  0.006 0.005 0.044 0.333 0.612 


Estimated Allele Frequencies in each cluster
First column gives estimated ancestral frequencies


Locus 1 : 
2 alleles
1.1% missing data
   2   (0.503) 0.616 0.480 0.401 0.666 0.420 
   1   (0.497) 0.384 0.520 0.599 0.334 0.580 

Locus 2 : 
2 alleles
1.1% missing data
   2   (0.554) 0.025 0.994 0.531 0.476 0.489 
   1   (0.446) 0.975 0.006 0.469 0.524 0.511 

Locus 3 : 
2 alleles
0.0% missing data
   2   (0.609) 0.995 0.995 0.011 0.215 0.816 
   1   (0.391) 0.005 0.005 0.989 0.785 0.184 

Locus 4 : 
2 alleles
1.1% missing data
   2   (0.540) 0.993 0.610 0.636 0.669 0.028 
   1   (0.460) 0.007 0.390 0.364 0.331 0.972 

Locus 5 : 
2 alleles
1.4% missing data
   2   (0.566) 0.960 0.751 0.724 0.167 0.282 
   1   (0.434) 0.040 0.249 0.276 0.833 0.718 

Locus 6 : 
2 alleles
0.7% missing data
   1   (0.475) 0.574 0.352 0.373 0.292 0.701 
   2   (0.525) 0.426 0.648 0.627 0.708 0.299 

Locus 7 : 
2 alleles
0.7% missing data
   1   (0.452) 0.622 0.530 0.677 0.019 0.739 
   2   (0.548) 0.378 0.470 0.323 0.981 0.261 

Locus 8 : 
2 alleles
1.1% missing data
   2   (0.574) 0.608 0.481 0.796 0.059 0.986 
   1   (0.426) 0.392 0.519 0.204 0.941 0.014 

Locus 9 : 
2 alleles
2.2% missing data
   1   (0.414) 0.017 0.317 0.320 0.587 0.775 
   2   (0.586) 0.983 0.683 0.680 0.413 0.225 

Locus 10 : 
2 alleles
1.1% missing data
   2   (0.508) 0.576 0.018 0.016 0.993 0.992 
   1   (0.492) 0.424 0.982 0.984 0.007 0.008 

Values of parameters used in structure:
DATAFILE=infile,	OUTFILE=outfile_K5_R2,	NUMINDS=279,	NUMLOCI=10,	MISSING=0,	LABEL=1,	POPDATA=0,	POPFLAG=0,	PHENOTYPE=0,	EXTRACOLS=0,	MAXPOPS=5,	BURNIN=10000,	NUMREPS=10000,	USEPOPINFO=0,	INFERALPHA=1,	INFERLAMBDA=0,	POPSPECIFICLAMBDA=0,	POPALPHAS=0,	COMPUTEPROB=1,	NOADMIX=0,	ADMBURNIN=500,	UPDATEFREQ=100,	PRINTLIKES=0,	INTERMEDSAVE=0,	PRINTKLD=0,	PRINTNET=1,	PRINTLAMBDA=1,	ANCESTDIST=0,	NUMBOXES=1000,	ANCESTPINT=0.90000,	GENSBACK=2,	MIGRPRIOR=0.01000,	PRINTQHAT=0,	PRINTQSUM=1,	ALPHA=1.0000,	FREQSCORR=1,	FPRIORMEAN=0.0100,	FPRIORSD=0.0500,	ONEFST=0,	LAMBDA=1.0000,	UNIFPRIORALPHA=1,	ALPHAMAX=10.0000,	ALPHAPRIORA=1.0000,	ALPHAPRIORB=2.0000,	ALPHAPROPSD=0.0250,	STARTATPOPINFO=0,	RANDOMIZE=1,	LINKAGE=0,	METROFREQ=10,	REPORTHITRATE=0,	MARKOVPHASE=0,	PHASED=0,	PLOIDY=2,	PHASEINFO=0	LOCPRIOR=0, 	LOCPRIORINIT=1.000000, 	LOCDATA=0, 	LOCISPOP=0, 	LOCPRIORSTEP=0.100000, 	MAXLOCPRIOR=20.000000, 	SEED=1575891395,	
[STRAT parameters]:    NUMSIMSTATS=1000,	PHENOTYPECOL=-9,	POOLFREQ=10,	LOCUSxONLY=0,	EMERROR=0.00100,	MISSINGPHENO=-9,	