

----------------------------------------------------
STRUCTURE by Pritchard, Stephens and Donnelly (2000)
     and Falush, Stephens and Pritchard (2003)
       Code by Pritchard, Falush and Hubisz
             Version 2.3.4 (Jul 2012)
----------------------------------------------------



Command line arguments:   structure -L 10 -N 279 -K 5 -o outfile_K5_R1 
Input File:    infile

Run parameters:
   279 individuals
   10 loci
   5 populations assumed
   10000 Burn-in period
   10000 Reps


--------------------------------------------
Overall proportion of membership of the
sample in each of the 5 clusters

Inferred Clusters
  1      2      3      4      5    
0.241  0.221  0.168  0.178  0.192  

--------------------------------------------

Allele-freq. divergence among pops (Net nucleotide distance),
computed using point estimates of P.

      1       2       3       4       5      
 1      -    0.3082  0.1694  0.2800  0.1480  
 2   0.3082     -    0.3190  0.3064  0.3009  
 3   0.1694  0.3190     -    0.2858  0.2106  
 4   0.2800  0.3064  0.2858     -    0.2950  
 5   0.1480  0.3009  0.2106  0.2950     -    

Average distances (expected heterozygosity) between individuals in same cluster:
cluster  1  : 0.3187 
cluster  2  : 0.2647 
cluster  3  : 0.2525 
cluster  4  : 0.2464 
cluster  5  : 0.3255 

--------------------------------------------
Estimated Ln Prob of Data   = -2939.7
Mean value of ln likelihood = -2743.1
Variance of ln likelihood   = 393.1
Mean value of alpha         = 0.0810

Mean value of Fst_1         = 0.4314
Mean value of Fst_2         = 0.5580
Mean value of Fst_3         = 0.5650
Mean value of Fst_4         = 0.5521
Mean value of Fst_5         = 0.4462


Inferred ancestry of individuals:
        Label (%Miss) :  Inferred clusters
  1    33-16   (20)   :  0.057 0.009 0.042 0.850 0.041 
  2    38-11    (0)   :  0.032 0.010 0.929 0.008 0.021 
  3     4226    (0)   :  0.743 0.010 0.069 0.069 0.109 
  4     4722    (0)   :  0.017 0.951 0.012 0.007 0.013 
  5     A188    (0)   :  0.868 0.044 0.014 0.049 0.025 
  6    A214N   (20)   :  0.025 0.039 0.112 0.011 0.814 
  7     A239    (0)   :  0.045 0.008 0.918 0.009 0.020 
  8     A272    (0)   :  0.084 0.563 0.081 0.094 0.177 
  9   A441-5    (0)   :  0.040 0.407 0.032 0.020 0.502 
 10     A554    (0)   :  0.888 0.016 0.045 0.026 0.025 
 11     A556   (30)   :  0.018 0.017 0.010 0.944 0.011 
 12       A6    (0)   :  0.028 0.010 0.015 0.023 0.924 
 13     A619    (0)   :  0.825 0.010 0.084 0.018 0.062 
 14     A632    (0)   :  0.008 0.952 0.015 0.015 0.009 
 15     A634    (0)   :  0.020 0.558 0.168 0.045 0.209 
 16     A635    (0)   :  0.023 0.779 0.056 0.078 0.064 
 17     A641    (0)   :  0.023 0.091 0.045 0.011 0.830 
 18     A654    (0)   :  0.080 0.813 0.034 0.012 0.061 
 19     A659    (0)   :  0.047 0.008 0.912 0.010 0.023 
 20     A661    (0)   :  0.027 0.674 0.115 0.175 0.009 
 21     A679    (0)   :  0.209 0.088 0.056 0.532 0.115 
 22     A680    (0)   :  0.012 0.050 0.022 0.907 0.010 
 23     A682    (0)   :  0.020 0.249 0.111 0.132 0.488 
 24    Ab28A    (0)   :  0.064 0.023 0.020 0.022 0.870 
 25      B10    (0)   :  0.041 0.792 0.073 0.085 0.008 
 26     B103    (0)   :  0.022 0.742 0.187 0.007 0.042 
 27     B104   (10)   :  0.036 0.156 0.646 0.148 0.013 
 28     B105    (0)   :  0.023 0.812 0.114 0.015 0.036 
 29     B109    (0)   :  0.025 0.030 0.594 0.320 0.031 
 30     B115    (0)   :  0.856 0.021 0.040 0.038 0.045 
 31     B14A    (0)   :  0.007 0.966 0.011 0.008 0.009 
 32     B164    (0)   :  0.010 0.064 0.034 0.589 0.303 
 33       B2    (0)   :  0.026 0.008 0.313 0.604 0.048 
 34      B37    (0)   :  0.014 0.010 0.942 0.018 0.015 
 35      B46    (0)   :  0.074 0.568 0.061 0.008 0.289 
 36      B52    (0)   :  0.011 0.013 0.957 0.011 0.008 
 37      B57    (0)   :  0.022 0.057 0.013 0.434 0.474 
 38      B64    (0)   :  0.008 0.966 0.010 0.008 0.008 
 39      B68    (0)   :  0.007 0.965 0.009 0.009 0.009 
 40      B73    (0)   :  0.022 0.050 0.224 0.685 0.018 
 41 B73Htrhm    (0)   :  0.008 0.012 0.014 0.957 0.009 
 42      B75    (0)   :  0.054 0.734 0.082 0.120 0.010 
 43      B76    (0)   :  0.015 0.010 0.943 0.016 0.016 
 44      B77    (0)   :  0.709 0.007 0.118 0.029 0.138 
 45      B79    (0)   :  0.482 0.056 0.193 0.145 0.124 
 46      B84    (0)   :  0.010 0.933 0.019 0.022 0.016 
 47      B97    (0)   :  0.030 0.589 0.018 0.209 0.153 
 48     C103    (0)   :  0.013 0.399 0.008 0.538 0.042 
 49     C123    (0)   :  0.008 0.324 0.011 0.600 0.058 
 50     C49A   (20)   :  0.022 0.027 0.926 0.015 0.011 
 51 CH701-30    (0)   :  0.044 0.009 0.880 0.015 0.052 
 52      CH9    (0)   :  0.018 0.030 0.928 0.014 0.009 
 53     CI.7    (0)   :  0.122 0.155 0.037 0.661 0.025 
 54  CI187-2    (0)   :  0.025 0.030 0.060 0.008 0.877 
 55    CI21E    (0)   :  0.111 0.556 0.012 0.309 0.011 
 56    CI28A    (0)   :  0.014 0.011 0.053 0.906 0.017 
 57    CI31A    (0)   :  0.019 0.017 0.062 0.869 0.033 
 58     CI3A    (0)   :  0.261 0.120 0.290 0.249 0.080 
 59     CI64    (0)   :  0.432 0.078 0.436 0.036 0.018 
 60     CI66    (0)   :  0.809 0.141 0.012 0.021 0.017 
 61    CI90C    (0)   :  0.820 0.010 0.084 0.021 0.066 
 62    CI91B    (0)   :  0.022 0.023 0.056 0.008 0.891 
 63    CM105    (0)   :  0.014 0.926 0.015 0.022 0.024 
 64    CM174    (0)   :  0.066 0.651 0.077 0.193 0.014 
 65     CM37    (0)   :  0.013 0.007 0.942 0.024 0.014 
 66      CM7    (0)   :  0.081 0.738 0.037 0.136 0.008 
 67    CML10    (0)   :  0.012 0.007 0.022 0.022 0.936 
 68   CML103    (0)   :  0.249 0.079 0.018 0.011 0.643 
 69   CML108    (0)   :  0.015 0.608 0.213 0.078 0.086 
 70    CML11    (0)   :  0.013 0.008 0.023 0.021 0.936 
 71    CML14    (0)   :  0.051 0.566 0.027 0.284 0.073 
 72  CML154Q    (0)   :  0.025 0.008 0.020 0.012 0.936 
 73  CML157Q    (0)   :  0.867 0.011 0.024 0.026 0.071 
 74  CML158Q    (0)   :  0.029 0.008 0.022 0.013 0.928 
 75   CML218    (0)   :  0.919 0.011 0.044 0.008 0.018 
 76   CML220    (0)   :  0.810 0.007 0.073 0.016 0.095 
 77   CML228    (0)   :  0.029 0.015 0.028 0.907 0.021 
 78   CML238    (0)   :  0.014 0.011 0.030 0.017 0.928 
 79   CML247    (0)   :  0.897 0.009 0.030 0.024 0.040 
 80   CML254    (0)   :  0.037 0.011 0.021 0.008 0.923 
 81   CML258    (0)   :  0.452 0.010 0.032 0.411 0.094 
 82   CML261    (0)   :  0.907 0.012 0.043 0.010 0.028 
 83   CML264    (0)   :  0.019 0.011 0.030 0.017 0.922 
 84   CML277    (0)   :  0.827 0.007 0.020 0.041 0.105 
 85   CML281    (0)   :  0.016 0.013 0.083 0.008 0.879 
 86   CML287    (0)   :  0.673 0.008 0.148 0.031 0.140 
 87   CML311    (0)   :  0.656 0.016 0.104 0.120 0.105 
 88   CML314    (0)   :  0.039 0.012 0.010 0.017 0.922 
 89   CML321    (0)   :  0.676 0.013 0.071 0.126 0.114 
 90   CML322    (0)   :  0.821 0.030 0.024 0.105 0.021 
 91   CML323    (0)   :  0.036 0.661 0.067 0.095 0.141 
 92   CML328    (0)   :  0.012 0.016 0.946 0.016 0.010 
 93   CML331    (0)   :  0.413 0.030 0.433 0.059 0.066 
 94   CML332    (0)   :  0.276 0.120 0.012 0.017 0.575 
 95   CML333    (0)   :  0.015 0.015 0.949 0.013 0.008 
 96   CML341    (0)   :  0.697 0.008 0.187 0.024 0.085 
 97    CML38   (10)   :  0.021 0.137 0.557 0.011 0.274 
 98    CML45    (0)   :  0.039 0.015 0.017 0.020 0.910 
 99     CML5    (0)   :  0.939 0.010 0.017 0.012 0.021 
100    CML52    (0)   :  0.839 0.018 0.041 0.052 0.050 
101    CML61    (0)   :  0.882 0.012 0.056 0.011 0.039 
102    CML69    (0)   :  0.053 0.134 0.011 0.062 0.739 
103    CML77    (0)   :  0.028 0.009 0.910 0.019 0.034 
104    CML91    (0)   :  0.401 0.256 0.031 0.006 0.306 
105    CML92    (0)   :  0.136 0.083 0.048 0.675 0.059 
106     CMV3    (0)   :  0.022 0.009 0.297 0.629 0.043 
107    CO106    (0)   :  0.015 0.043 0.925 0.009 0.007 
108    CO125    (0)   :  0.185 0.388 0.033 0.383 0.012 
109    CO255    (0)   :  0.396 0.047 0.087 0.398 0.071 
110    D940Y   (30)   :  0.859 0.073 0.041 0.010 0.017 
111        2    (0)   :  0.024 0.779 0.110 0.020 0.066 
112        3    (0)   :  0.018 0.293 0.064 0.379 0.247 
113      DE1    (0)   :  0.029 0.732 0.052 0.102 0.085 
114    DE811    (0)   :  0.007 0.966 0.010 0.009 0.008 
115   E2558W    (0)   :  0.335 0.158 0.039 0.450 0.018 
116      EP1    (0)   :  0.921 0.009 0.036 0.009 0.025 
117   F2834T    (0)   :  0.030 0.008 0.011 0.015 0.936 
118      F44    (0)   :  0.410 0.009 0.031 0.408 0.142 
119       F6    (0)   :  0.022 0.289 0.015 0.463 0.210 
120       F7    (0)   :  0.419 0.335 0.121 0.105 0.020 
121    GA209    (0)   :  0.039 0.253 0.040 0.169 0.499 
122    GT112    (0)   :  0.044 0.008 0.026 0.883 0.039 
123    H105W    (0)   :  0.008 0.965 0.009 0.009 0.010 
124      H49    (0)   :  0.035 0.009 0.903 0.014 0.038 
125      H84    (0)   :  0.017 0.022 0.934 0.013 0.014 
126      H91    (0)   :  0.008 0.967 0.009 0.008 0.008 
127      H95    (0)   :  0.883 0.019 0.073 0.009 0.016 
128      H99    (0)   :  0.861 0.015 0.037 0.033 0.053 
129     Hi27    (0)   :  0.145 0.608 0.022 0.028 0.197 
130    Hp301    (0)   :  0.098 0.125 0.014 0.014 0.749 
131       Hy    (0)   :  0.036 0.828 0.078 0.050 0.008 
132   I137TN    (0)   :  0.888 0.031 0.012 0.050 0.020 
133     I205    (0)   :  0.032 0.010 0.016 0.008 0.934 
134      I29    (0)   :  0.229 0.054 0.162 0.472 0.084 
135   IA2132    (0)   :  0.082 0.427 0.039 0.062 0.390 
136   IA5125    (0)   :  0.250 0.638 0.055 0.044 0.014 
137    IDS28    (0)   :  0.030 0.009 0.013 0.008 0.940 
138    IDS69    (0)   :  0.144 0.198 0.020 0.016 0.623 
139    IDS91    (0)   :  0.219 0.593 0.024 0.006 0.158 
140    Il101    (0)   :  0.024 0.912 0.020 0.019 0.025 
141    Il14H    (0)   :  0.885 0.014 0.021 0.021 0.059 
142   Il677a    (0)   :  0.430 0.203 0.139 0.191 0.038 
143     K148    (0)   :  0.021 0.725 0.055 0.110 0.089 
144       K4    (0)   :  0.148 0.147 0.034 0.648 0.023 
145      K55    (0)   :  0.826 0.127 0.010 0.024 0.014 
146      K64    (0)   :  0.393 0.069 0.473 0.036 0.029 
147     Ki11    (0)   :  0.826 0.007 0.061 0.013 0.093 
148     Ki14    (0)   :  0.237 0.163 0.024 0.559 0.017 
149   Ki2021    (0)   :  0.151 0.181 0.015 0.639 0.014 
150     Ki21    (0)   :  0.020 0.023 0.017 0.054 0.886 
151      Ki3    (0)   :  0.011 0.014 0.013 0.949 0.013 
152     Ki43    (0)   :  0.024 0.011 0.410 0.525 0.030 
153     Ki44    (0)   :  0.014 0.022 0.016 0.131 0.817 
154     Ky21    (0)   :  0.515 0.014 0.035 0.321 0.114 
155    Ky226    (0)   :  0.391 0.239 0.038 0.006 0.325 
156    Ky228    (0)   :  0.888 0.071 0.016 0.012 0.012 
157     L317    (0)   :  0.119 0.691 0.029 0.023 0.138 
158     L578    (0)   :  0.692 0.007 0.015 0.144 0.142 
159      M14    (0)   :  0.039 0.711 0.216 0.025 0.008 
160    M162W    (0)   :  0.392 0.078 0.483 0.025 0.022 
161     M37W    (0)   :  0.538 0.303 0.075 0.070 0.014 
162 MEF156-55-2    (0)   :  0.303 0.176 0.229 0.270 0.022 
163     Mo17    (0)   :  0.058 0.418 0.021 0.215 0.288 
164    Mo18W    (0)   :  0.036 0.009 0.901 0.012 0.042 
165     Mo1W    (0)   :  0.890 0.014 0.056 0.009 0.031 
166    Mo24W    (0)   :  0.041 0.007 0.904 0.012 0.036 
167     Mo44    (0)   :  0.014 0.012 0.938 0.023 0.013 
168     Mo45    (0)   :  0.325 0.050 0.349 0.065 0.211 
169     Mo46    (0)   :  0.074 0.131 0.062 0.011 0.722 
170     Mo47    (0)   :  0.924 0.017 0.022 0.017 0.020 
171      MoG    (0)   :  0.029 0.066 0.046 0.258 0.601 
172    Mp339    (0)   :  0.041 0.007 0.025 0.890 0.036 
173   MS1334    (0)   :  0.262 0.091 0.017 0.033 0.597 
174    MS153    (0)   :  0.158 0.074 0.050 0.657 0.061 
175     MS71    (0)   :  0.012 0.009 0.023 0.023 0.932 
176     Mt42    (0)   :  0.211 0.056 0.624 0.075 0.034 
177     N192    (0)   :  0.007 0.960 0.007 0.017 0.009 
178    N28Ht    (0)   :  0.011 0.055 0.026 0.447 0.461 
179       N6    (0)   :  0.143 0.014 0.104 0.455 0.283 
180      N7A    (0)   :  0.053 0.007 0.830 0.014 0.095 
181    NC222    (0)   :  0.080 0.026 0.041 0.009 0.843 
182    NC230    (0)   :  0.088 0.065 0.016 0.011 0.820 
183    NC232    (0)   :  0.061 0.275 0.066 0.015 0.583 
184    NC236    (0)   :  0.052 0.180 0.582 0.151 0.035 
185    NC238    (0)   :  0.079 0.689 0.020 0.097 0.115 
186    NC250    (0)   :  0.015 0.012 0.945 0.015 0.013 
187    NC258    (0)   :  0.008 0.011 0.016 0.957 0.009 
188    NC260    (0)   :  0.014 0.015 0.946 0.015 0.011 
189    NC262    (0)   :  0.011 0.053 0.022 0.904 0.009 
190    NC264    (0)   :  0.016 0.939 0.018 0.011 0.016 
191   NC290A    (0)   :  0.012 0.060 0.022 0.897 0.009 
192    NC294    (0)   :  0.024 0.006 0.931 0.011 0.028 
193    NC296    (0)   :  0.012 0.949 0.006 0.022 0.011 
194   NC296A    (0)   :  0.020 0.943 0.008 0.015 0.014 
195    NC298    (0)   :  0.008 0.958 0.008 0.017 0.010 
196    NC300    (0)   :  0.013 0.010 0.011 0.035 0.931 
197    NC302    (0)   :  0.084 0.571 0.012 0.323 0.011 
198    NC304    (0)   :  0.008 0.078 0.006 0.780 0.129 
199    NC306    (0)   :  0.007 0.013 0.014 0.957 0.009 
200    NC310    (0)   :  0.007 0.012 0.014 0.959 0.008 
201    NC314    (0)   :  0.013 0.010 0.948 0.016 0.013 
202    NC318    (0)   :  0.013 0.617 0.221 0.060 0.089 
203    NC320    (0)   :  0.014 0.621 0.194 0.076 0.095 
204    NC324    (0)   :  0.044 0.008 0.893 0.011 0.045 
205    NC326    (0)   :  0.008 0.010 0.015 0.959 0.008 
206    NC328    (0)   :  0.008 0.011 0.017 0.955 0.009 
207     NC33    (0)   :  0.071 0.086 0.009 0.045 0.789 
208    NC336    (0)   :  0.013 0.949 0.005 0.022 0.011 
209    NC338   (60)   :  0.015 0.928 0.018 0.020 0.019 
210    NC340    (0)   :  0.016 0.011 0.012 0.031 0.930 
211    NC342    (0)   :  0.031 0.729 0.028 0.205 0.007 
212    NC344    (0)   :  0.010 0.026 0.016 0.935 0.013 
213    NC346    (0)   :  0.019 0.944 0.008 0.016 0.013 
214    NC348    (0)   :  0.013 0.789 0.041 0.086 0.071 
215    NC350    (0)   :  0.718 0.014 0.016 0.173 0.079 
216    NC352    (0)   :  0.012 0.951 0.006 0.021 0.010 
217    NC354    (0)   :  0.020 0.918 0.011 0.034 0.017 
218    NC356    (0)   :  0.937 0.010 0.017 0.014 0.023 
219    NC358    (0)   :  0.940 0.010 0.017 0.012 0.021 
220    NC360    (0)   :  0.090 0.009 0.089 0.742 0.070 
221    NC362    (0)   :  0.012 0.009 0.008 0.962 0.009 
222    NC364    (0)   :  0.011 0.008 0.007 0.965 0.008 
223    NC366    (0)   :  0.039 0.689 0.240 0.023 0.009 
224    NC368    (0)   :  0.067 0.027 0.684 0.148 0.073 
225    ND246    (0)   :  0.920 0.012 0.010 0.029 0.028 
226    Oh40B    (0)   :  0.754 0.013 0.024 0.144 0.065 
227     Oh43    (0)   :  0.873 0.020 0.083 0.009 0.015 
228    Oh43E    (0)   :  0.908 0.015 0.052 0.008 0.016 
229    Oh603    (0)   :  0.021 0.710 0.222 0.007 0.040 
230     Oh7B    (0)   :  0.084 0.013 0.874 0.008 0.020 
231    Os420    (0)   :  0.072 0.129 0.529 0.213 0.056 
232      P39    (0)   :  0.069 0.856 0.026 0.010 0.039 
233    Pa762    (0)   :  0.942 0.015 0.014 0.012 0.017 
234    Pa875    (0)   :  0.067 0.064 0.018 0.024 0.828 
235    Pa880    (0)   :  0.868 0.090 0.017 0.012 0.013 
236     PA91    (0)   :  0.933 0.019 0.029 0.007 0.012 
237    R109B   (10)   :  0.074 0.018 0.026 0.844 0.037 
238     R168   (30)   :  0.023 0.010 0.016 0.014 0.938 
239     R177    (0)   :  0.033 0.009 0.009 0.015 0.934 
240     R229    (0)   :  0.012 0.013 0.014 0.948 0.014 
241       R4    (0)   :  0.017 0.076 0.020 0.875 0.013 
242     SA24    (0)   :  0.014 0.955 0.012 0.008 0.011 
243   SC213R    (0)   :  0.221 0.547 0.117 0.101 0.014 
244    SC357    (0)   :  0.068 0.032 0.685 0.144 0.071 
245     SC55    (0)   :  0.888 0.069 0.015 0.014 0.014 
246     SD40    (0)   :  0.015 0.540 0.277 0.071 0.097 
247     SD44    (0)   :  0.079 0.427 0.129 0.011 0.354 
248   Sg1533    (0)   :  0.265 0.474 0.017 0.009 0.235 
249     Sg18    (0)   :  0.104 0.111 0.015 0.019 0.752 
250     T232    (0)   :  0.066 0.222 0.107 0.012 0.594 
251     T234    (0)   :  0.091 0.757 0.047 0.025 0.081 
252       T8    (0)   :  0.877 0.013 0.012 0.053 0.045 
253    Tx303    (0)   :  0.919 0.016 0.012 0.037 0.016 
254    Tx601    (0)   :  0.019 0.024 0.037 0.015 0.905 
255    Tzi10    (0)   :  0.696 0.030 0.185 0.038 0.051 
256    Tzi11    (0)   :  0.722 0.008 0.057 0.096 0.117 
257    Tzi16    (0)   :  0.018 0.048 0.015 0.581 0.337 
258    Tzi18    (0)   :  0.441 0.042 0.146 0.345 0.027 
259    Tzi25    (0)   :  0.012 0.013 0.954 0.013 0.008 
260     Tzi9    (0)   :  0.826 0.007 0.059 0.014 0.094 
261    U267Y    (0)   :  0.764 0.022 0.018 0.133 0.062 
262    VA102    (0)   :  0.758 0.016 0.020 0.141 0.064 
263     Va14    (0)   :  0.301 0.285 0.361 0.023 0.030 
264     Va17    (0)   :  0.177 0.027 0.765 0.007 0.025 
265     Va22    (0)   :  0.945 0.013 0.012 0.011 0.019 
266     Va26   (50)   :  0.169 0.067 0.730 0.021 0.013 
267     Va35    (0)   :  0.873 0.012 0.012 0.050 0.054 
268     Va59    (0)   :  0.090 0.021 0.037 0.813 0.040 
269     Va85    (0)   :  0.059 0.053 0.022 0.040 0.826 
270     Va99    (0)   :  0.918 0.023 0.037 0.007 0.016 
271     VaW6    (0)   :  0.946 0.014 0.012 0.010 0.017 
272   W117Ht    (0)   :  0.853 0.013 0.011 0.063 0.060 
273    W153R    (0)   :  0.044 0.120 0.041 0.282 0.513 
274    W182B    (0)   :  0.043 0.246 0.026 0.153 0.532 
275      W22    (0)   :  0.048 0.236 0.138 0.024 0.554 
276  R-r:std    (0)   :  0.046 0.216 0.124 0.020 0.594 
277       WD    (0)   :  0.857 0.011 0.015 0.082 0.036 
278      WF9    (0)   :  0.172 0.030 0.766 0.009 0.023 
279       NS    (0)   :  0.012 0.502 0.014 0.383 0.089 


Estimated Allele Frequencies in each cluster
First column gives estimated ancestral frequencies


Locus 1 : 
2 alleles
1.1% missing data
   2   (0.497) 0.479 0.703 0.619 0.408 0.366 
   1   (0.503) 0.521 0.297 0.381 0.592 0.634 

Locus 2 : 
2 alleles
1.1% missing data
   2   (0.570) 0.994 0.447 0.020 0.505 0.568 
   1   (0.430) 0.006 0.553 0.980 0.495 0.432 

Locus 3 : 
2 alleles
0.0% missing data
   2   (0.677) 0.995 0.086 0.996 0.957 0.012 
   1   (0.323) 0.005 0.914 0.004 0.043 0.988 

Locus 4 : 
2 alleles
1.1% missing data
   2   (0.545) 0.625 0.694 0.993 0.017 0.578 
   1   (0.455) 0.375 0.306 0.007 0.983 0.422 

Locus 5 : 
2 alleles
1.4% missing data
   2   (0.581) 0.791 0.103 0.972 0.160 0.826 
   1   (0.419) 0.209 0.897 0.028 0.840 0.174 

Locus 6 : 
2 alleles
0.7% missing data
   1   (0.477) 0.309 0.274 0.598 0.724 0.397 
   2   (0.523) 0.691 0.726 0.402 0.276 0.603 

Locus 7 : 
2 alleles
0.7% missing data
   1   (0.459) 0.484 0.011 0.620 0.792 0.713 
   2   (0.541) 0.516 0.989 0.380 0.208 0.287 

Locus 8 : 
2 alleles
1.1% missing data
   2   (0.599) 0.417 0.033 0.603 0.987 0.922 
   1   (0.401) 0.583 0.967 0.397 0.013 0.078 

Locus 9 : 
2 alleles
2.2% missing data
   1   (0.405) 0.304 0.618 0.013 0.797 0.321 
   2   (0.595) 0.696 0.382 0.987 0.203 0.679 

Locus 10 : 
2 alleles
1.1% missing data
   2   (0.452) 0.015 0.993 0.595 0.992 0.017 
   1   (0.548) 0.985 0.007 0.405 0.008 0.983 

Values of parameters used in structure:
DATAFILE=infile,	OUTFILE=outfile_K5_R1,	NUMINDS=279,	NUMLOCI=10,	MISSING=0,	LABEL=1,	POPDATA=0,	POPFLAG=0,	PHENOTYPE=0,	EXTRACOLS=0,	MAXPOPS=5,	BURNIN=10000,	NUMREPS=10000,	USEPOPINFO=0,	INFERALPHA=1,	INFERLAMBDA=0,	POPSPECIFICLAMBDA=0,	POPALPHAS=0,	COMPUTEPROB=1,	NOADMIX=0,	ADMBURNIN=500,	UPDATEFREQ=100,	PRINTLIKES=0,	INTERMEDSAVE=0,	PRINTKLD=0,	PRINTNET=1,	PRINTLAMBDA=1,	ANCESTDIST=0,	NUMBOXES=1000,	ANCESTPINT=0.90000,	GENSBACK=2,	MIGRPRIOR=0.01000,	PRINTQHAT=0,	PRINTQSUM=1,	ALPHA=1.0000,	FREQSCORR=1,	FPRIORMEAN=0.0100,	FPRIORSD=0.0500,	ONEFST=0,	LAMBDA=1.0000,	UNIFPRIORALPHA=1,	ALPHAMAX=10.0000,	ALPHAPRIORA=1.0000,	ALPHAPRIORB=2.0000,	ALPHAPROPSD=0.0250,	STARTATPOPINFO=0,	RANDOMIZE=1,	LINKAGE=0,	METROFREQ=10,	REPORTHITRATE=0,	MARKOVPHASE=0,	PHASED=0,	PLOIDY=2,	PHASEINFO=0	LOCPRIOR=0, 	LOCPRIORINIT=1.000000, 	LOCDATA=0, 	LOCISPOP=0, 	LOCPRIORSTEP=0.100000, 	MAXLOCPRIOR=20.000000, 	SEED=1575891382,	
[STRAT parameters]:    NUMSIMSTATS=1000,	PHENOTYPECOL=-9,	POOLFREQ=10,	LOCUSxONLY=0,	EMERROR=0.00100,	MISSINGPHENO=-9,	