

----------------------------------------------------
STRUCTURE by Pritchard, Stephens and Donnelly (2000)
     and Falush, Stephens and Pritchard (2003)
       Code by Pritchard, Falush and Hubisz
             Version 2.3.4 (Jul 2012)
----------------------------------------------------



Command line arguments:   structure -L 10 -N 279 -K 4 -o outfile_K4_R3 
Input File:    infile

Run parameters:
   279 individuals
   10 loci
   4 populations assumed
   10000 Burn-in period
   10000 Reps


--------------------------------------------
Overall proportion of membership of the
sample in each of the 4 clusters

Inferred Clusters
  1      2      3      4    
0.211  0.301  0.236  0.252  

--------------------------------------------

Allele-freq. divergence among pops (Net nucleotide distance),
computed using point estimates of P.

      1       2       3       4      
 1      -    0.3252  0.2915  0.3339  
 2   0.3252     -    0.1544  0.3136  
 3   0.2915  0.1544     -    0.3384  
 4   0.3339  0.3136  0.3384     -    

Average distances (expected heterozygosity) between individuals in same cluster:
cluster  1  : 0.2301 
cluster  2  : 0.2965 
cluster  3  : 0.3222 
cluster  4  : 0.2523 

--------------------------------------------
Estimated Ln Prob of Data   = -3078.1
Mean value of ln likelihood = -2909.3
Variance of ln likelihood   = 337.7
Mean value of alpha         = 0.1591

Mean value of Fst_1         = 0.5388
Mean value of Fst_2         = 0.4369
Mean value of Fst_3         = 0.4330
Mean value of Fst_4         = 0.5780


Inferred ancestry of individuals:
        Label (%Miss) :  Inferred clusters
  1    33-16   (20)   :  0.801 0.080 0.100 0.019 
  2    38-11    (0)   :  0.027 0.907 0.046 0.019 
  3     4226    (0)   :  0.176 0.407 0.395 0.022 
  4     4722    (0)   :  0.014 0.028 0.021 0.937 
  5     A188    (0)   :  0.190 0.406 0.159 0.245 
  6    A214N   (20)   :  0.023 0.178 0.697 0.101 
  7     A239    (0)   :  0.025 0.922 0.036 0.017 
  8     A272    (0)   :  0.176 0.124 0.108 0.593 
  9   A441-5    (0)   :  0.036 0.054 0.375 0.535 
 10     A554    (0)   :  0.100 0.654 0.189 0.058 
 11     A556   (30)   :  0.921 0.025 0.023 0.031 
 12       A6    (0)   :  0.047 0.041 0.894 0.018 
 13     A619    (0)   :  0.030 0.851 0.101 0.018 
 14     A632    (0)   :  0.028 0.018 0.018 0.936 
 15     A634    (0)   :  0.052 0.084 0.330 0.535 
 16     A635    (0)   :  0.118 0.046 0.064 0.773 
 17     A641    (0)   :  0.020 0.072 0.786 0.122 
 18     A654    (0)   :  0.020 0.086 0.188 0.706 
 19     A659    (0)   :  0.028 0.913 0.041 0.018 
 20     A661    (0)   :  0.205 0.066 0.019 0.710 
 21     A679    (0)   :  0.477 0.145 0.222 0.155 
 22     A680    (0)   :  0.836 0.026 0.019 0.119 
 23     A682    (0)   :  0.114 0.063 0.551 0.272 
 24    Ab28A    (0)   :  0.034 0.062 0.869 0.035 
 25      B10    (0)   :  0.099 0.060 0.017 0.823 
 26     B103    (0)   :  0.014 0.202 0.077 0.706 
 27     B104   (10)   :  0.277 0.362 0.025 0.336 
 28     B105    (0)   :  0.033 0.121 0.095 0.751 
 29     B109    (0)   :  0.565 0.305 0.089 0.041 
 30     B115    (0)   :  0.113 0.512 0.324 0.051 
 31     B14A    (0)   :  0.015 0.015 0.015 0.955 
 32     B164    (0)   :  0.527 0.027 0.380 0.067 
 33       B2    (0)   :  0.754 0.146 0.083 0.017 
 34      B37    (0)   :  0.105 0.812 0.044 0.039 
 35      B46    (0)   :  0.016 0.175 0.156 0.653 
 36      B52    (0)   :  0.066 0.851 0.021 0.062 
 37      B57    (0)   :  0.297 0.023 0.614 0.065 
 38      B64    (0)   :  0.015 0.015 0.016 0.954 
 39      B68    (0)   :  0.017 0.015 0.016 0.952 
 40      B73    (0)   :  0.758 0.098 0.033 0.111 
 41 B73Htrhm    (0)   :  0.949 0.016 0.015 0.021 
 42      B75    (0)   :  0.157 0.077 0.021 0.745 
 43      B76    (0)   :  0.115 0.799 0.045 0.041 
 44      B77    (0)   :  0.045 0.779 0.164 0.012 
 45      B79    (0)   :  0.196 0.421 0.307 0.077 
 46      B84    (0)   :  0.042 0.019 0.024 0.915 
 47      B97    (0)   :  0.190 0.037 0.151 0.622 
 48     C103    (0)   :  0.467 0.017 0.081 0.434 
 49     C123    (0)   :  0.550 0.015 0.072 0.364 
 50     C49A   (20)   :  0.062 0.815 0.028 0.095 
 51 CH701-30    (0)   :  0.035 0.865 0.081 0.019 
 52      CH9    (0)   :  0.047 0.801 0.023 0.129 
 53     CI.7    (0)   :  0.577 0.101 0.056 0.266 
 54  CI187-2    (0)   :  0.016 0.144 0.782 0.058 
 55    CI21E    (0)   :  0.297 0.040 0.031 0.632 
 56    CI28A    (0)   :  0.922 0.033 0.024 0.021 
 57    CI31A    (0)   :  0.873 0.049 0.043 0.036 
 58     CI3A    (0)   :  0.338 0.425 0.078 0.160 
 59     CI64    (0)   :  0.041 0.864 0.025 0.070 
 60     CI66    (0)   :  0.051 0.326 0.100 0.522 
 61    CI90C    (0)   :  0.031 0.842 0.109 0.018 
 62    CI91B    (0)   :  0.016 0.138 0.788 0.057 
 63    CM105    (0)   :  0.042 0.023 0.034 0.901 
 64    CM174    (0)   :  0.222 0.079 0.023 0.676 
 65     CM37    (0)   :  0.271 0.643 0.061 0.025 
 66      CM7    (0)   :  0.149 0.078 0.018 0.755 
 67    CML10    (0)   :  0.051 0.046 0.887 0.016 
 68   CML103    (0)   :  0.017 0.124 0.730 0.130 
 69   CML108    (0)   :  0.150 0.088 0.086 0.676 
 70    CML11    (0)   :  0.051 0.038 0.895 0.017 
 71    CML14    (0)   :  0.350 0.041 0.075 0.533 
 72  CML154Q    (0)   :  0.022 0.085 0.875 0.017 
 73  CML157Q    (0)   :  0.091 0.373 0.507 0.029 
 74  CML158Q    (0)   :  0.023 0.090 0.870 0.018 
 75   CML218    (0)   :  0.016 0.921 0.043 0.020 
 76   CML220    (0)   :  0.029 0.727 0.230 0.015 
 77   CML228    (0)   :  0.914 0.040 0.023 0.023 
 78   CML238    (0)   :  0.031 0.050 0.893 0.026 
 79   CML247    (0)   :  0.132 0.597 0.247 0.024 
 80   CML254    (0)   :  0.015 0.120 0.842 0.023 
 81   CML258    (0)   :  0.622 0.191 0.166 0.021 
 82   CML261    (0)   :  0.019 0.879 0.077 0.026 
 83   CML264    (0)   :  0.031 0.047 0.897 0.025 
 84   CML277    (0)   :  0.114 0.274 0.597 0.015 
 85   CML281    (0)   :  0.020 0.153 0.790 0.037 
 86   CML287    (0)   :  0.044 0.797 0.147 0.012 
 87   CML311    (0)   :  0.311 0.565 0.084 0.041 
 88   CML314    (0)   :  0.028 0.028 0.923 0.020 
 89   CML321    (0)   :  0.367 0.474 0.126 0.033 
 90   CML322    (0)   :  0.398 0.453 0.076 0.073 
 91   CML323    (0)   :  0.148 0.090 0.108 0.653 
 92   CML328    (0)   :  0.107 0.795 0.030 0.067 
 93   CML331    (0)   :  0.091 0.697 0.173 0.039 
 94   CML332    (0)   :  0.030 0.078 0.748 0.145 
 95   CML333    (0)   :  0.074 0.850 0.019 0.057 
 96   CML341    (0)   :  0.038 0.860 0.089 0.013 
 97    CML38   (10)   :  0.031 0.526 0.238 0.205 
 98    CML45    (0)   :  0.037 0.048 0.889 0.026 
 99     CML5    (0)   :  0.073 0.630 0.264 0.033 
100    CML52    (0)   :  0.204 0.616 0.107 0.073 
101    CML61    (0)   :  0.018 0.875 0.084 0.023 
102    CML69    (0)   :  0.109 0.046 0.567 0.277 
103    CML77    (0)   :  0.074 0.812 0.092 0.022 
104    CML91    (0)   :  0.011 0.449 0.247 0.294 
105    CML92    (0)   :  0.678 0.110 0.076 0.136 
106     CMV3    (0)   :  0.752 0.145 0.087 0.016 
107    CO106    (0)   :  0.037 0.795 0.017 0.151 
108    CO125    (0)   :  0.411 0.110 0.030 0.449 
109    CO255    (0)   :  0.353 0.359 0.218 0.071 
110    D940Y   (30)   :  0.020 0.801 0.029 0.150 
111        2    (0)   :  0.041 0.122 0.149 0.688 
112        3    (0)   :  0.330 0.038 0.353 0.278 
113      DE1    (0)   :  0.124 0.057 0.223 0.596 
114    DE811    (0)   :  0.016 0.015 0.016 0.953 
115   E2558W    (0)   :  0.530 0.163 0.044 0.263 
116      EP1    (0)   :  0.019 0.894 0.068 0.019 
117   F2834T    (0)   :  0.027 0.030 0.928 0.014 
118      F44    (0)   :  0.629 0.141 0.212 0.017 
119       F6    (0)   :  0.451 0.029 0.168 0.351 
120       F7    (0)   :  0.145 0.447 0.063 0.345 
121    GA209    (0)   :  0.205 0.076 0.355 0.364 
122    GT112    (0)   :  0.847 0.048 0.092 0.014 
123    H105W    (0)   :  0.016 0.015 0.015 0.954 
124      H49    (0)   :  0.034 0.857 0.088 0.021 
125      H84    (0)   :  0.061 0.799 0.037 0.102 
126      H91    (0)   :  0.016 0.015 0.015 0.955 
127      H95    (0)   :  0.016 0.932 0.026 0.026 
128      H99    (0)   :  0.104 0.516 0.330 0.050 
129     Hi27    (0)   :  0.050 0.082 0.236 0.632 
130    Hp301    (0)   :  0.034 0.098 0.536 0.331 
131       Hy    (0)   :  0.061 0.055 0.015 0.869 
132   I137TN    (0)   :  0.259 0.450 0.137 0.153 
133     I205    (0)   :  0.016 0.073 0.892 0.019 
134      I29    (0)   :  0.503 0.329 0.071 0.097 
135   IA2132    (0)   :  0.051 0.058 0.530 0.361 
136   IA5125    (0)   :  0.061 0.211 0.023 0.705 
137    IDS28    (0)   :  0.014 0.065 0.903 0.018 
138    IDS69    (0)   :  0.028 0.143 0.399 0.430 
139    IDS91    (0)   :  0.013 0.179 0.145 0.663 
140    Il101    (0)   :  0.035 0.052 0.034 0.878 
141    Il14H    (0)   :  0.057 0.333 0.568 0.042 
142   Il677a    (0)   :  0.195 0.429 0.144 0.233 
143     K148    (0)   :  0.132 0.044 0.096 0.728 
144       K4    (0)   :  0.593 0.102 0.046 0.259 
145      K55    (0)   :  0.054 0.328 0.097 0.521 
146      K64    (0)   :  0.035 0.869 0.028 0.069 
147     Ki11    (0)   :  0.032 0.727 0.228 0.013 
148     Ki14    (0)   :  0.602 0.082 0.039 0.276 
149   Ki2021    (0)   :  0.638 0.051 0.034 0.277 
150     Ki21    (0)   :  0.062 0.030 0.868 0.040 
151      Ki3    (0)   :  0.919 0.020 0.032 0.029 
152     Ki43    (0)   :  0.721 0.193 0.067 0.019 
153     Ki44    (0)   :  0.360 0.034 0.556 0.050 
154     Ky21    (0)   :  0.533 0.203 0.234 0.030 
155    Ky226    (0)   :  0.011 0.432 0.273 0.284 
156    Ky228    (0)   :  0.039 0.590 0.047 0.324 
157     L317    (0)   :  0.036 0.099 0.290 0.575 
158     L578    (0)   :  0.211 0.091 0.683 0.015 
159      M14    (0)   :  0.042 0.143 0.015 0.801 
160    M162W    (0)   :  0.040 0.868 0.026 0.067 
161     M37W    (0)   :  0.108 0.501 0.066 0.325 
162 MEF156-55-2    (0)   :  0.356 0.406 0.029 0.209 
163     Mo17    (0)   :  0.120 0.035 0.513 0.332 
164    Mo18W    (0)   :  0.037 0.868 0.076 0.019 
165     Mo1W    (0)   :  0.019 0.883 0.076 0.021 
166    Mo24W    (0)   :  0.027 0.879 0.077 0.017 
167     Mo44    (0)   :  0.150 0.752 0.046 0.052 
168     Mo45    (0)   :  0.078 0.399 0.458 0.064 
169     Mo46    (0)   :  0.022 0.131 0.685 0.162 
170     Mo47    (0)   :  0.089 0.659 0.210 0.041 
171      MoG    (0)   :  0.248 0.061 0.602 0.089 
172    Mp339    (0)   :  0.844 0.050 0.093 0.014 
173   MS1334    (0)   :  0.049 0.089 0.741 0.121 
174    MS153    (0)   :  0.672 0.111 0.090 0.126 
175     MS71    (0)   :  0.053 0.042 0.890 0.015 
176     Mt42    (0)   :  0.088 0.823 0.040 0.050 
177     N192    (0)   :  0.035 0.012 0.019 0.933 
178    N28Ht    (0)   :  0.343 0.022 0.555 0.079 
179       N6    (0)   :  0.530 0.197 0.244 0.029 
180      N7A    (0)   :  0.032 0.814 0.139 0.015 
181    NC222    (0)   :  0.019 0.203 0.727 0.051 
182    NC230    (0)   :  0.016 0.054 0.851 0.079 
183    NC232    (0)   :  0.033 0.231 0.298 0.437 
184    NC236    (0)   :  0.205 0.403 0.111 0.281 
185    NC238    (0)   :  0.123 0.051 0.310 0.517 
186    NC250    (0)   :  0.109 0.793 0.054 0.044 
187    NC258    (0)   :  0.945 0.016 0.016 0.022 
188    NC260    (0)   :  0.105 0.796 0.034 0.066 
189    NC262    (0)   :  0.842 0.024 0.021 0.113 
190    NC264    (0)   :  0.027 0.041 0.024 0.908 
191   NC290A    (0)   :  0.839 0.026 0.021 0.115 
192    NC294    (0)   :  0.044 0.866 0.075 0.015 
193    NC296    (0)   :  0.041 0.014 0.026 0.920 
194   NC296A    (0)   :  0.030 0.021 0.028 0.921 
195    NC298    (0)   :  0.035 0.013 0.020 0.932 
196    NC300    (0)   :  0.046 0.021 0.913 0.020 
197    NC302    (0)   :  0.299 0.039 0.030 0.633 
198    NC304    (0)   :  0.725 0.013 0.168 0.095 
199    NC306    (0)   :  0.947 0.016 0.016 0.021 
200    NC310    (0)   :  0.945 0.017 0.015 0.022 
201    NC314    (0)   :  0.106 0.806 0.047 0.041 
202    NC318    (0)   :  0.149 0.087 0.089 0.676 
203    NC320    (0)   :  0.158 0.074 0.093 0.675 
204    NC324    (0)   :  0.026 0.875 0.082 0.017 
205    NC326    (0)   :  0.947 0.016 0.017 0.021 
206    NC328    (0)   :  0.945 0.016 0.016 0.022 
207     NC33    (0)   :  0.091 0.034 0.670 0.205 
208    NC336    (0)   :  0.033 0.015 0.027 0.925 
209    NC338   (60)   :  0.032 0.030 0.035 0.903 
210    NC340    (0)   :  0.043 0.020 0.916 0.020 
211    NC342    (0)   :  0.190 0.031 0.019 0.761 
212    NC344    (0)   :  0.902 0.026 0.026 0.046 
213    NC346    (0)   :  0.032 0.023 0.033 0.912 
214    NC348    (0)   :  0.114 0.030 0.086 0.770 
215    NC350    (0)   :  0.481 0.247 0.236 0.035 
216    NC352    (0)   :  0.040 0.015 0.025 0.921 
217    NC354    (0)   :  0.072 0.027 0.029 0.871 
218    NC356    (0)   :  0.067 0.642 0.258 0.033 
219    NC358    (0)   :  0.066 0.636 0.268 0.030 
220    NC360    (0)   :  0.736 0.133 0.117 0.015 
221    NC362    (0)   :  0.950 0.014 0.019 0.017 
222    NC364    (0)   :  0.949 0.015 0.019 0.017 
223    NC366    (0)   :  0.039 0.145 0.015 0.801 
224    NC368    (0)   :  0.340 0.556 0.060 0.044 
225    ND246    (0)   :  0.145 0.320 0.485 0.050 
226    Oh40B    (0)   :  0.299 0.195 0.473 0.033 
227     Oh43    (0)   :  0.015 0.931 0.026 0.028 
228    Oh43E    (0)   :  0.017 0.926 0.033 0.025 
229    Oh603    (0)   :  0.015 0.214 0.076 0.694 
230     Oh7B    (0)   :  0.016 0.928 0.032 0.025 
231    Os420    (0)   :  0.279 0.355 0.160 0.205 
232      P39    (0)   :  0.018 0.112 0.104 0.765 
233    Pa762    (0)   :  0.051 0.626 0.265 0.057 
234    Pa875    (0)   :  0.071 0.107 0.608 0.213 
235    Pa880    (0)   :  0.028 0.575 0.037 0.360 
236     PA91    (0)   :  0.012 0.919 0.032 0.037 
237    R109B   (10)   :  0.804 0.068 0.095 0.033 
238     R168   (30)   :  0.024 0.054 0.901 0.021 
239     R177    (0)   :  0.023 0.035 0.927 0.015 
240     R229    (0)   :  0.918 0.022 0.027 0.033 
241       R4    (0)   :  0.753 0.028 0.036 0.183 
242     SA24    (0)   :  0.015 0.029 0.021 0.936 
243   SC213R    (0)   :  0.124 0.275 0.021 0.579 
244    SC357    (0)   :  0.320 0.563 0.073 0.044 
245     SC55    (0)   :  0.044 0.582 0.050 0.324 
246     SD40    (0)   :  0.166 0.125 0.086 0.623 
247     SD44    (0)   :  0.021 0.206 0.333 0.440 
248   Sg1533    (0)   :  0.016 0.164 0.203 0.616 
249     Sg18    (0)   :  0.038 0.086 0.549 0.327 
250     T232    (0)   :  0.022 0.183 0.558 0.238 
251     T234    (0)   :  0.038 0.108 0.211 0.644 
252       T8    (0)   :  0.140 0.134 0.697 0.029 
253    Tx303    (0)   :  0.155 0.377 0.404 0.065 
254    Tx601    (0)   :  0.027 0.053 0.883 0.038 
255    Tzi10    (0)   :  0.037 0.840 0.087 0.036 
256    Tzi11    (0)   :  0.228 0.368 0.389 0.015 
257    Tzi16    (0)   :  0.492 0.024 0.431 0.054 
258    Tzi18    (0)   :  0.412 0.477 0.065 0.046 
259    Tzi25    (0)   :  0.070 0.854 0.021 0.055 
260     Tzi9    (0)   :  0.026 0.755 0.205 0.014 
261    U267Y    (0)   :  0.368 0.283 0.264 0.085 
262    VA102    (0)   :  0.285 0.196 0.488 0.031 
263     Va14    (0)   :  0.037 0.573 0.036 0.354 
264     Va17    (0)   :  0.015 0.909 0.038 0.038 
265     Va22    (0)   :  0.050 0.605 0.296 0.049 
266     Va26   (50)   :  0.051 0.815 0.029 0.106 
267     Va35    (0)   :  0.153 0.139 0.680 0.028 
268     Va59    (0)   :  0.727 0.091 0.140 0.043 
269     Va85    (0)   :  0.135 0.136 0.578 0.151 
270     Va99    (0)   :  0.012 0.923 0.028 0.038 
271     VaW6    (0)   :  0.050 0.633 0.257 0.060 
272   W117Ht    (0)   :  0.158 0.128 0.687 0.027 
273    W153R    (0)   :  0.214 0.058 0.589 0.139 
274    W182B    (0)   :  0.246 0.049 0.399 0.306 
275      W22    (0)   :  0.063 0.263 0.297 0.378 
276  R-r:std    (0)   :  0.060 0.287 0.275 0.379 
277       WD    (0)   :  0.295 0.325 0.346 0.034 
278      WF9    (0)   :  0.016 0.912 0.033 0.039 
279       NS    (0)   :  0.329 0.017 0.110 0.544 


Estimated Allele Frequencies in each cluster
First column gives estimated ancestral frequencies


Locus 1 : 
2 alleles
1.1% missing data
   2   (0.498) 0.420 0.573 0.359 0.683 
   1   (0.502) 0.580 0.427 0.641 0.317 

Locus 2 : 
2 alleles
1.1% missing data
   2   (0.531) 0.495 0.572 0.676 0.442 
   1   (0.469) 0.505 0.428 0.324 0.558 

Locus 3 : 
2 alleles
0.0% missing data
   2   (0.699) 0.993 0.996 0.133 0.128 
   1   (0.301) 0.007 0.004 0.867 0.872 

Locus 4 : 
2 alleles
1.1% missing data
   2   (0.529) 0.025 0.952 0.456 0.744 
   1   (0.471) 0.975 0.048 0.544 0.256 

Locus 5 : 
2 alleles
1.4% missing data
   2   (0.669) 0.136 0.982 0.981 0.034 
   1   (0.331) 0.864 0.018 0.019 0.966 

Locus 6 : 
2 alleles
0.7% missing data
   1   (0.479) 0.776 0.443 0.351 0.240 
   2   (0.521) 0.224 0.557 0.649 0.760 

Locus 7 : 
2 alleles
0.7% missing data
   1   (0.468) 0.868 0.527 0.679 0.009 
   2   (0.532) 0.132 0.473 0.321 0.991 

Locus 8 : 
2 alleles
1.1% missing data
   2   (0.620) 0.988 0.439 0.924 0.019 
   1   (0.380) 0.012 0.561 0.076 0.981 

Locus 9 : 
2 alleles
2.2% missing data
   1   (0.379) 0.739 0.017 0.456 0.583 
   2   (0.621) 0.261 0.983 0.544 0.417 

Locus 10 : 
2 alleles
1.1% missing data
   2   (0.521) 0.984 0.211 0.016 0.989 
   1   (0.479) 0.016 0.789 0.984 0.011 

Values of parameters used in structure:
DATAFILE=infile,	OUTFILE=outfile_K4_R3,	NUMINDS=279,	NUMLOCI=10,	MISSING=0,	LABEL=1,	POPDATA=0,	POPFLAG=0,	PHENOTYPE=0,	EXTRACOLS=0,	MAXPOPS=4,	BURNIN=10000,	NUMREPS=10000,	USEPOPINFO=0,	INFERALPHA=1,	INFERLAMBDA=0,	POPSPECIFICLAMBDA=0,	POPALPHAS=0,	COMPUTEPROB=1,	NOADMIX=0,	ADMBURNIN=500,	UPDATEFREQ=100,	PRINTLIKES=0,	INTERMEDSAVE=0,	PRINTKLD=0,	PRINTNET=1,	PRINTLAMBDA=1,	ANCESTDIST=0,	NUMBOXES=1000,	ANCESTPINT=0.90000,	GENSBACK=2,	MIGRPRIOR=0.01000,	PRINTQHAT=0,	PRINTQSUM=1,	ALPHA=1.0000,	FREQSCORR=1,	FPRIORMEAN=0.0100,	FPRIORSD=0.0500,	ONEFST=0,	LAMBDA=1.0000,	UNIFPRIORALPHA=1,	ALPHAMAX=10.0000,	ALPHAPRIORA=1.0000,	ALPHAPRIORB=2.0000,	ALPHAPROPSD=0.0250,	STARTATPOPINFO=0,	RANDOMIZE=1,	LINKAGE=0,	METROFREQ=10,	REPORTHITRATE=0,	MARKOVPHASE=0,	PHASED=0,	PLOIDY=2,	PHASEINFO=0	LOCPRIOR=0, 	LOCPRIORINIT=1.000000, 	LOCDATA=0, 	LOCISPOP=0, 	LOCPRIORSTEP=0.100000, 	MAXLOCPRIOR=20.000000, 	SEED=1575891371,	
[STRAT parameters]:    NUMSIMSTATS=1000,	PHENOTYPECOL=-9,	POOLFREQ=10,	LOCUSxONLY=0,	EMERROR=0.00100,	MISSINGPHENO=-9,	