

----------------------------------------------------
STRUCTURE by Pritchard, Stephens and Donnelly (2000)
     and Falush, Stephens and Pritchard (2003)
       Code by Pritchard, Falush and Hubisz
             Version 2.3.4 (Jul 2012)
----------------------------------------------------



Command line arguments:   structure -L 10 -N 279 -K 3 -o outfile_K3_R2 
Input File:    infile

Run parameters:
   279 individuals
   10 loci
   3 populations assumed
   10000 Burn-in period
   10000 Reps


--------------------------------------------
Overall proportion of membership of the
sample in each of the 3 clusters

Inferred Clusters
  1      2      3    
0.299  0.274  0.426  

--------------------------------------------

Allele-freq. divergence among pops (Net nucleotide distance),
computed using point estimates of P.

      1       2       3      
 1      -    0.2973  0.2987  
 2   0.2973     -    0.2518  
 3   0.2987  0.2518     -    

Average distances (expected heterozygosity) between individuals in same cluster:
cluster  1  : 0.2798 
cluster  2  : 0.3030 
cluster  3  : 0.3318 

--------------------------------------------
Estimated Ln Prob of Data   = -3265.6
Mean value of ln likelihood = -3112.8
Variance of ln likelihood   = 305.6
Mean value of alpha         = 0.2579

Mean value of Fst_1         = 0.4914
Mean value of Fst_2         = 0.4231
Mean value of Fst_3         = 0.4136


Inferred ancestry of individuals:
        Label (%Miss) :  Inferred clusters
  1    33-16   (20)   :  0.029 0.894 0.076 
  2    38-11    (0)   :  0.054 0.061 0.886 
  3     4226    (0)   :  0.035 0.221 0.744 
  4     4722    (0)   :  0.936 0.023 0.042 
  5     A188    (0)   :  0.287 0.160 0.553 
  6    A214N   (20)   :  0.155 0.064 0.781 
  7     A239    (0)   :  0.046 0.054 0.901 
  8     A272    (0)   :  0.583 0.238 0.179 
  9   A441-5    (0)   :  0.573 0.086 0.341 
 10     A554    (0)   :  0.083 0.110 0.807 
 11     A556   (30)   :  0.058 0.906 0.036 
 12       A6    (0)   :  0.038 0.241 0.721 
 13     A619    (0)   :  0.033 0.053 0.914 
 14     A632    (0)   :  0.926 0.047 0.027 
 15     A634    (0)   :  0.631 0.167 0.202 
 16     A635    (0)   :  0.774 0.150 0.076 
 17     A641    (0)   :  0.274 0.076 0.650 
 18     A654    (0)   :  0.803 0.051 0.146 
 19     A659    (0)   :  0.041 0.052 0.907 
 20     A661    (0)   :  0.773 0.178 0.049 
 21     A679    (0)   :  0.220 0.502 0.279 
 22     A680    (0)   :  0.171 0.797 0.032 
 23     A682    (0)   :  0.357 0.400 0.243 
 24    Ab28A    (0)   :  0.075 0.163 0.762 
 25      B10    (0)   :  0.874 0.078 0.048 
 26     B103    (0)   :  0.815 0.031 0.154 
 27     B104   (10)   :  0.510 0.287 0.203 
 28     B105    (0)   :  0.813 0.085 0.102 
 29     B109    (0)   :  0.091 0.679 0.230 
 30     B115    (0)   :  0.072 0.148 0.780 
 31     B14A    (0)   :  0.948 0.027 0.024 
 32     B164    (0)   :  0.070 0.870 0.060 
 33       B2    (0)   :  0.025 0.876 0.099 
 34      B37    (0)   :  0.127 0.293 0.580 
 35      B46    (0)   :  0.667 0.029 0.304 
 36      B52    (0)   :  0.275 0.220 0.506 
 37      B57    (0)   :  0.097 0.768 0.135 
 38      B64    (0)   :  0.951 0.026 0.023 
 39      B68    (0)   :  0.951 0.027 0.022 
 40      B73    (0)   :  0.177 0.736 0.087 
 41 B73Htrhm    (0)   :  0.038 0.938 0.024 
 42      B75    (0)   :  0.819 0.124 0.056 
 43      B76    (0)   :  0.130 0.274 0.596 
 44      B77    (0)   :  0.020 0.067 0.913 
 45      B79    (0)   :  0.123 0.260 0.617 
 46      B84    (0)   :  0.897 0.071 0.032 
 47      B97    (0)   :  0.627 0.285 0.089 
 48     C103    (0)   :  0.374 0.586 0.039 
 49     C123    (0)   :  0.265 0.705 0.030 
 50     C49A   (20)   :  0.352 0.162 0.486 
 51 CH701-30    (0)   :  0.040 0.063 0.897 
 52      CH9    (0)   :  0.489 0.137 0.374 
 53     CI.7    (0)   :  0.397 0.485 0.118 
 54  CI187-2    (0)   :  0.101 0.037 0.861 
 55    CI21E    (0)   :  0.710 0.244 0.046 
 56    CI28A    (0)   :  0.036 0.920 0.045 
 57    CI31A    (0)   :  0.073 0.850 0.077 
 58     CI3A    (0)   :  0.234 0.337 0.429 
 59     CI64    (0)   :  0.282 0.093 0.624 
 60     CI66    (0)   :  0.551 0.061 0.389 
 61    CI90C    (0)   :  0.033 0.049 0.918 
 62    CI91B    (0)   :  0.093 0.036 0.871 
 63    CM105    (0)   :  0.889 0.072 0.039 
 64    CM174    (0)   :  0.750 0.185 0.065 
 65     CM37    (0)   :  0.060 0.514 0.426 
 66      CM7    (0)   :  0.823 0.122 0.054 
 67    CML10    (0)   :  0.034 0.386 0.579 
 68   CML103    (0)   :  0.162 0.063 0.775 
 69   CML108    (0)   :  0.686 0.206 0.107 
 70    CML11    (0)   :  0.034 0.371 0.595 
 71    CML14    (0)   :  0.492 0.422 0.086 
 72  CML154Q    (0)   :  0.032 0.058 0.910 
 73  CML157Q    (0)   :  0.044 0.130 0.827 
 74  CML158Q    (0)   :  0.031 0.067 0.902 
 75   CML218    (0)   :  0.050 0.027 0.923 
 76   CML220    (0)   :  0.023 0.044 0.933 
 77   CML228    (0)   :  0.051 0.882 0.067 
 78   CML238    (0)   :  0.053 0.177 0.770 
 79   CML247    (0)   :  0.037 0.161 0.802 
 80   CML254    (0)   :  0.047 0.034 0.919 
 81   CML258    (0)   :  0.038 0.608 0.355 
 82   CML261    (0)   :  0.044 0.028 0.928 
 83   CML264    (0)   :  0.057 0.180 0.763 
 84   CML277    (0)   :  0.023 0.174 0.803 
 85   CML281    (0)   :  0.058 0.043 0.899 
 86   CML287    (0)   :  0.021 0.068 0.911 
 87   CML311    (0)   :  0.080 0.273 0.646 
 88   CML314    (0)   :  0.053 0.233 0.714 
 89   CML321    (0)   :  0.054 0.322 0.624 
 90   CML322    (0)   :  0.135 0.355 0.510 
 91   CML323    (0)   :  0.657 0.197 0.146 
 92   CML328    (0)   :  0.234 0.300 0.467 
 93   CML331    (0)   :  0.069 0.111 0.821 
 94   CML332    (0)   :  0.190 0.174 0.635 
 95   CML333    (0)   :  0.270 0.222 0.508 
 96   CML341    (0)   :  0.024 0.060 0.917 
 97    CML38   (10)   :  0.212 0.075 0.714 
 98    CML45    (0)   :  0.064 0.183 0.753 
 99     CML5    (0)   :  0.051 0.085 0.863 
100    CML52    (0)   :  0.122 0.147 0.730 
101    CML61    (0)   :  0.047 0.031 0.923 
102    CML69    (0)   :  0.346 0.241 0.413 
103    CML77    (0)   :  0.058 0.182 0.760 
104    CML91    (0)   :  0.259 0.019 0.722 
105    CML92    (0)   :  0.217 0.622 0.161 
106     CMV3    (0)   :  0.028 0.875 0.098 
107    CO106    (0)   :  0.580 0.097 0.324 
108    CO125    (0)   :  0.534 0.381 0.085 
109    CO255    (0)   :  0.125 0.471 0.404 
110    D940Y   (30)   :  0.484 0.036 0.480 
111        2    (0)   :  0.769 0.119 0.111 
112        3    (0)   :  0.251 0.681 0.068 
113      DE1    (0)   :  0.583 0.344 0.073 
114    DE811    (0)   :  0.949 0.026 0.024 
115   E2558W    (0)   :  0.357 0.483 0.161 
116      EP1    (0)   :  0.039 0.028 0.933 
117   F2834T    (0)   :  0.038 0.168 0.794 
118      F44    (0)   :  0.027 0.651 0.322 
119       F6    (0)   :  0.330 0.599 0.071 
120       F7    (0)   :  0.526 0.210 0.264 
121    GA209    (0)   :  0.389 0.314 0.297 
122    GT112    (0)   :  0.023 0.923 0.054 
123    H105W    (0)   :  0.951 0.025 0.024 
124      H49    (0)   :  0.042 0.068 0.889 
125      H84    (0)   :  0.336 0.134 0.529 
126      H91    (0)   :  0.949 0.027 0.024 
127      H95    (0)   :  0.085 0.028 0.887 
128      H99    (0)   :  0.072 0.146 0.781 
129     Hi27    (0)   :  0.649 0.095 0.256 
130    Hp301    (0)   :  0.360 0.066 0.575 
131       Hy    (0)   :  0.908 0.053 0.038 
132   I137TN    (0)   :  0.223 0.202 0.575 
133     I205    (0)   :  0.035 0.036 0.929 
134      I29    (0)   :  0.198 0.446 0.356 
135   IA2132    (0)   :  0.480 0.193 0.327 
136   IA5125    (0)   :  0.831 0.058 0.110 
137    IDS28    (0)   :  0.033 0.038 0.929 
138    IDS69    (0)   :  0.414 0.047 0.538 
139    IDS91    (0)   :  0.657 0.024 0.319 
140    Il101    (0)   :  0.875 0.057 0.068 
141    Il14H    (0)   :  0.076 0.088 0.836 
142   Il677a    (0)   :  0.371 0.231 0.399 
143     K148    (0)   :  0.724 0.204 0.071 
144       K4    (0)   :  0.390 0.493 0.118 
145      K55    (0)   :  0.541 0.061 0.397 
146      K64    (0)   :  0.275 0.101 0.625 
147     Ki11    (0)   :  0.022 0.042 0.935 
148     Ki14    (0)   :  0.360 0.547 0.093 
149   Ki2021    (0)   :  0.335 0.599 0.065 
150     Ki21    (0)   :  0.092 0.494 0.415 
151      Ki3    (0)   :  0.057 0.907 0.035 
152     Ki43    (0)   :  0.037 0.852 0.111 
153     Ki44    (0)   :  0.062 0.638 0.300 
154     Ky21    (0)   :  0.050 0.535 0.415 
155    Ky226    (0)   :  0.249 0.021 0.730 
156    Ky228    (0)   :  0.419 0.038 0.543 
157     L317    (0)   :  0.668 0.111 0.220 
158     L578    (0)   :  0.026 0.439 0.534 
159      M14    (0)   :  0.893 0.042 0.065 
160    M162W    (0)   :  0.283 0.094 0.623 
161     M37W    (0)   :  0.545 0.146 0.308 
162 MEF156-55-2    (0)   :  0.390 0.346 0.264 
163     Mo17    (0)   :  0.415 0.434 0.151 
164    Mo18W    (0)   :  0.038 0.065 0.896 
165     Mo1W    (0)   :  0.047 0.029 0.925 
166    Mo24W    (0)   :  0.032 0.048 0.920 
167     Mo44    (0)   :  0.166 0.366 0.468 
168     Mo45    (0)   :  0.106 0.116 0.777 
169     Mo46    (0)   :  0.227 0.074 0.699 
170     Mo47    (0)   :  0.071 0.108 0.821 
171      MoG    (0)   :  0.132 0.567 0.301 
172    Mp339    (0)   :  0.024 0.920 0.056 
173   MS1334    (0)   :  0.148 0.283 0.569 
174    MS153    (0)   :  0.200 0.628 0.173 
175     MS71    (0)   :  0.035 0.371 0.594 
176     Mt42    (0)   :  0.191 0.229 0.580 
177     N192    (0)   :  0.920 0.058 0.022 
178    N28Ht    (0)   :  0.101 0.802 0.097 
179       N6    (0)   :  0.050 0.550 0.399 
180      N7A    (0)   :  0.027 0.059 0.914 
181    NC222    (0)   :  0.077 0.045 0.878 
182    NC230    (0)   :  0.210 0.066 0.724 
183    NC232    (0)   :  0.414 0.061 0.525 
184    NC236    (0)   :  0.452 0.269 0.279 
185    NC238    (0)   :  0.559 0.347 0.094 
186    NC250    (0)   :  0.141 0.263 0.596 
187    NC258    (0)   :  0.040 0.933 0.027 
188    NC260    (0)   :  0.250 0.286 0.464 
189    NC262    (0)   :  0.169 0.799 0.032 
190    NC264    (0)   :  0.912 0.040 0.048 
191   NC290A    (0)   :  0.168 0.796 0.036 
192    NC294    (0)   :  0.027 0.082 0.891 
193    NC296    (0)   :  0.910 0.064 0.027 
194   NC296A    (0)   :  0.913 0.048 0.040 
195    NC298    (0)   :  0.912 0.065 0.023 
196    NC300    (0)   :  0.052 0.468 0.480 
197    NC302    (0)   :  0.699 0.257 0.044 
198    NC304    (0)   :  0.069 0.897 0.034 
199    NC306    (0)   :  0.036 0.938 0.025 
200    NC310    (0)   :  0.040 0.934 0.026 
201    NC314    (0)   :  0.130 0.277 0.593 
202    NC318    (0)   :  0.680 0.209 0.110 
203    NC320    (0)   :  0.684 0.208 0.108 
204    NC324    (0)   :  0.032 0.049 0.919 
205    NC326    (0)   :  0.038 0.937 0.026 
206    NC328    (0)   :  0.039 0.937 0.024 
207     NC33    (0)   :  0.298 0.221 0.481 
208    NC336    (0)   :  0.907 0.067 0.026 
209    NC338   (60)   :  0.890 0.061 0.049 
210    NC340    (0)   :  0.057 0.457 0.486 
211    NC342    (0)   :  0.810 0.157 0.032 
212    NC344    (0)   :  0.096 0.864 0.040 
213    NC346    (0)   :  0.909 0.052 0.040 
214    NC348    (0)   :  0.778 0.154 0.067 
215    NC350    (0)   :  0.062 0.440 0.498 
216    NC352    (0)   :  0.906 0.069 0.025 
217    NC354    (0)   :  0.845 0.111 0.044 
218    NC356    (0)   :  0.052 0.080 0.867 
219    NC358    (0)   :  0.050 0.084 0.866 
220    NC360    (0)   :  0.029 0.833 0.138 
221    NC362    (0)   :  0.030 0.943 0.027 
222    NC364    (0)   :  0.030 0.943 0.027 
223    NC366    (0)   :  0.896 0.041 0.062 
224    NC368    (0)   :  0.086 0.326 0.588 
225    ND246    (0)   :  0.068 0.246 0.686 
226    Oh40B    (0)   :  0.055 0.444 0.501 
227     Oh43    (0)   :  0.094 0.031 0.875 
228    Oh43E    (0)   :  0.062 0.034 0.904 
229    Oh603    (0)   :  0.812 0.031 0.157 
230     Oh7B    (0)   :  0.061 0.033 0.907 
231    Os420    (0)   :  0.339 0.356 0.304 
232      P39    (0)   :  0.833 0.045 0.122 
233    Pa762    (0)   :  0.088 0.070 0.843 
234    Pa875    (0)   :  0.220 0.100 0.680 
235    Pa880    (0)   :  0.489 0.035 0.477 
236     PA91    (0)   :  0.103 0.022 0.875 
237    R109B   (10)   :  0.059 0.837 0.104 
238     R168   (30)   :  0.052 0.096 0.852 
239     R177    (0)   :  0.035 0.165 0.799 
240     R229    (0)   :  0.059 0.904 0.037 
241       R4    (0)   :  0.234 0.720 0.046 
242     SA24    (0)   :  0.935 0.022 0.043 
243   SC213R    (0)   :  0.743 0.113 0.144 
244    SC357    (0)   :  0.089 0.317 0.594 
245     SC55    (0)   :  0.416 0.038 0.546 
246     SD40    (0)   :  0.602 0.268 0.130 
247     SD44    (0)   :  0.494 0.055 0.451 
248   Sg1533    (0)   :  0.586 0.029 0.385 
249     Sg18    (0)   :  0.352 0.060 0.588 
250     T232    (0)   :  0.279 0.061 0.661 
251     T234    (0)   :  0.733 0.108 0.159 
252       T8    (0)   :  0.056 0.318 0.626 
253    Tx303    (0)   :  0.088 0.218 0.694 
254    Tx601    (0)   :  0.117 0.121 0.762 
255    Tzi10    (0)   :  0.112 0.087 0.801 
256    Tzi11    (0)   :  0.023 0.273 0.704 
257    Tzi16    (0)   :  0.072 0.858 0.071 
258    Tzi18    (0)   :  0.113 0.544 0.343 
259    Tzi25    (0)   :  0.281 0.229 0.490 
260     Tzi9    (0)   :  0.023 0.040 0.938 
261    U267Y    (0)   :  0.135 0.308 0.557 
262    VA102    (0)   :  0.053 0.452 0.495 
263     Va14    (0)   :  0.495 0.041 0.464 
264     Va17    (0)   :  0.113 0.027 0.860 
265     Va22    (0)   :  0.086 0.072 0.842 
266     Va26   (50)   :  0.425 0.116 0.459 
267     Va35    (0)   :  0.064 0.327 0.609 
268     Va59    (0)   :  0.072 0.842 0.086 
269     Va85    (0)   :  0.165 0.188 0.648 
270     Va99    (0)   :  0.109 0.023 0.868 
271     VaW6    (0)   :  0.084 0.074 0.842 
272   W117Ht    (0)   :  0.062 0.314 0.624 
273    W153R    (0)   :  0.180 0.599 0.221 
274    W182B    (0)   :  0.258 0.502 0.240 
275      W22    (0)   :  0.354 0.114 0.532 
276  R-r:std    (0)   :  0.362 0.105 0.533 
277       WD    (0)   :  0.055 0.388 0.557 
278      WF9    (0)   :  0.109 0.029 0.862 
279       NS    (0)   :  0.495 0.465 0.040 


Estimated Allele Frequencies in each cluster
First column gives estimated ancestral frequencies


Locus 1 : 
2 alleles
1.1% missing data
   2   (0.501) 0.681 0.387 0.487 
   1   (0.499) 0.319 0.613 0.513 

Locus 2 : 
2 alleles
1.1% missing data
   2   (0.520) 0.442 0.464 0.680 
   1   (0.480) 0.558 0.536 0.320 

Locus 3 : 
2 alleles
0.0% missing data
   2   (0.558) 0.224 0.807 0.714 
   1   (0.442) 0.776 0.193 0.286 

Locus 4 : 
2 alleles
1.1% missing data
   2   (0.436) 0.771 0.036 0.816 
   1   (0.564) 0.229 0.964 0.184 

Locus 5 : 
2 alleles
1.4% missing data
   2   (0.598) 0.111 0.387 0.981 
   1   (0.402) 0.889 0.613 0.019 

Locus 6 : 
2 alleles
0.7% missing data
   1   (0.490) 0.240 0.775 0.367 
   2   (0.510) 0.760 0.225 0.633 

Locus 7 : 
2 alleles
0.7% missing data
   1   (0.427) 0.011 0.846 0.623 
   2   (0.573) 0.989 0.154 0.377 

Locus 8 : 
2 alleles
1.1% missing data
   2   (0.589) 0.032 0.985 0.647 
   1   (0.411) 0.968 0.015 0.353 

Locus 9 : 
2 alleles
2.2% missing data
   1   (0.455) 0.545 0.721 0.128 
   2   (0.545) 0.455 0.279 0.872 

Locus 10 : 
2 alleles
1.1% missing data
   2   (0.575) 0.987 0.910 0.011 
   1   (0.425) 0.013 0.090 0.989 

Values of parameters used in structure:
DATAFILE=infile,	OUTFILE=outfile_K3_R2,	NUMINDS=279,	NUMLOCI=10,	MISSING=0,	LABEL=1,	POPDATA=0,	POPFLAG=0,	PHENOTYPE=0,	EXTRACOLS=0,	MAXPOPS=3,	BURNIN=10000,	NUMREPS=10000,	USEPOPINFO=0,	INFERALPHA=1,	INFERLAMBDA=0,	POPSPECIFICLAMBDA=0,	POPALPHAS=0,	COMPUTEPROB=1,	NOADMIX=0,	ADMBURNIN=500,	UPDATEFREQ=100,	PRINTLIKES=0,	INTERMEDSAVE=0,	PRINTKLD=0,	PRINTNET=1,	PRINTLAMBDA=1,	ANCESTDIST=0,	NUMBOXES=1000,	ANCESTPINT=0.90000,	GENSBACK=2,	MIGRPRIOR=0.01000,	PRINTQHAT=0,	PRINTQSUM=1,	ALPHA=1.0000,	FREQSCORR=1,	FPRIORMEAN=0.0100,	FPRIORSD=0.0500,	ONEFST=0,	LAMBDA=1.0000,	UNIFPRIORALPHA=1,	ALPHAMAX=10.0000,	ALPHAPRIORA=1.0000,	ALPHAPRIORB=2.0000,	ALPHAPROPSD=0.0250,	STARTATPOPINFO=0,	RANDOMIZE=1,	LINKAGE=0,	METROFREQ=10,	REPORTHITRATE=0,	MARKOVPHASE=0,	PHASED=0,	PLOIDY=2,	PHASEINFO=0	LOCPRIOR=0, 	LOCPRIORINIT=1.000000, 	LOCDATA=0, 	LOCISPOP=0, 	LOCPRIORSTEP=0.100000, 	MAXLOCPRIOR=20.000000, 	SEED=1575891328,	
[STRAT parameters]:    NUMSIMSTATS=1000,	PHENOTYPECOL=-9,	POOLFREQ=10,	LOCUSxONLY=0,	EMERROR=0.00100,	MISSINGPHENO=-9,	