

----------------------------------------------------
STRUCTURE by Pritchard, Stephens and Donnelly (2000)
     and Falush, Stephens and Pritchard (2003)
       Code by Pritchard, Falush and Hubisz
             Version 2.3.4 (Jul 2012)
----------------------------------------------------



Command line arguments:   structure -L 10 -N 279 -K 3 -o outfile_K3_R3 
Input File:    infile

Run parameters:
   279 individuals
   10 loci
   3 populations assumed
   10000 Burn-in period
   10000 Reps


--------------------------------------------
Overall proportion of membership of the
sample in each of the 3 clusters

Inferred Clusters
  1      2      3    
0.299  0.432  0.269  

--------------------------------------------

Allele-freq. divergence among pops (Net nucleotide distance),
computed using point estimates of P.

      1       2       3      
 1      -    0.3001  0.3001  
 2   0.3001     -    0.2580  
 3   0.3001  0.2580     -    

Average distances (expected heterozygosity) between individuals in same cluster:
cluster  1  : 0.2782 
cluster  2  : 0.3335 
cluster  3  : 0.2943 

--------------------------------------------
Estimated Ln Prob of Data   = -3254.3
Mean value of ln likelihood = -3110.9
Variance of ln likelihood   = 286.8
Mean value of alpha         = 0.2572

Mean value of Fst_1         = 0.4837
Mean value of Fst_2         = 0.4192
Mean value of Fst_3         = 0.4355


Inferred ancestry of individuals:
        Label (%Miss) :  Inferred clusters
  1    33-16   (20)   :  0.029 0.075 0.896 
  2    38-11    (0)   :  0.054 0.884 0.062 
  3     4226    (0)   :  0.035 0.761 0.204 
  4     4722    (0)   :  0.933 0.042 0.025 
  5     A188    (0)   :  0.314 0.553 0.132 
  6    A214N   (20)   :  0.167 0.775 0.058 
  7     A239    (0)   :  0.042 0.899 0.059 
  8     A272    (0)   :  0.577 0.206 0.217 
  9   A441-5    (0)   :  0.576 0.342 0.081 
 10     A554    (0)   :  0.082 0.808 0.111 
 11     A556   (30)   :  0.056 0.039 0.904 
 12       A6    (0)   :  0.035 0.768 0.196 
 13     A619    (0)   :  0.033 0.919 0.048 
 14     A632    (0)   :  0.921 0.029 0.050 
 15     A634    (0)   :  0.629 0.202 0.169 
 16     A635    (0)   :  0.773 0.075 0.152 
 17     A641    (0)   :  0.280 0.658 0.062 
 18     A654    (0)   :  0.800 0.144 0.056 
 19     A659    (0)   :  0.046 0.900 0.054 
 20     A661    (0)   :  0.770 0.050 0.180 
 21     A679    (0)   :  0.241 0.303 0.456 
 22     A680    (0)   :  0.158 0.031 0.811 
 23     A682    (0)   :  0.334 0.247 0.419 
 24    Ab28A    (0)   :  0.071 0.795 0.135 
 25      B10    (0)   :  0.865 0.048 0.087 
 26     B103    (0)   :  0.823 0.146 0.031 
 27     B104   (10)   :  0.508 0.200 0.292 
 28     B105    (0)   :  0.815 0.098 0.087 
 29     B109    (0)   :  0.096 0.215 0.689 
 30     B115    (0)   :  0.072 0.789 0.139 
 31     B14A    (0)   :  0.947 0.025 0.028 
 32     B164    (0)   :  0.077 0.058 0.865 
 33       B2    (0)   :  0.026 0.102 0.872 
 34      B37    (0)   :  0.125 0.579 0.296 
 35      B46    (0)   :  0.659 0.314 0.027 
 36      B52    (0)   :  0.278 0.491 0.231 
 37      B57    (0)   :  0.097 0.168 0.735 
 38      B64    (0)   :  0.950 0.023 0.027 
 39      B68    (0)   :  0.950 0.022 0.027 
 40      B73    (0)   :  0.173 0.094 0.732 
 41 B73Htrhm    (0)   :  0.036 0.025 0.938 
 42      B75    (0)   :  0.821 0.055 0.124 
 43      B76    (0)   :  0.123 0.583 0.294 
 44      B77    (0)   :  0.019 0.919 0.062 
 45      B79    (0)   :  0.124 0.638 0.238 
 46      B84    (0)   :  0.894 0.030 0.076 
 47      B97    (0)   :  0.609 0.091 0.299 
 48     C103    (0)   :  0.367 0.037 0.597 
 49     C123    (0)   :  0.269 0.032 0.699 
 50     C49A   (20)   :  0.353 0.470 0.177 
 51 CH701-30    (0)   :  0.043 0.883 0.074 
 52      CH9    (0)   :  0.488 0.372 0.141 
 53     CI.7    (0)   :  0.359 0.128 0.513 
 54  CI187-2    (0)   :  0.102 0.863 0.035 
 55    CI21E    (0)   :  0.699 0.048 0.254 
 56    CI28A    (0)   :  0.035 0.046 0.918 
 57    CI31A    (0)   :  0.075 0.080 0.845 
 58     CI3A    (0)   :  0.259 0.440 0.301 
 59     CI64    (0)   :  0.289 0.613 0.097 
 60     CI66    (0)   :  0.560 0.381 0.059 
 61    CI90C    (0)   :  0.036 0.915 0.049 
 62    CI91B    (0)   :  0.098 0.868 0.034 
 63    CM105    (0)   :  0.887 0.039 0.074 
 64    CM174    (0)   :  0.746 0.065 0.189 
 65     CM37    (0)   :  0.056 0.419 0.525 
 66      CM7    (0)   :  0.823 0.054 0.124 
 67    CML10    (0)   :  0.034 0.641 0.325 
 68   CML103    (0)   :  0.171 0.771 0.057 
 69   CML108    (0)   :  0.674 0.108 0.217 
 70    CML11    (0)   :  0.034 0.669 0.297 
 71    CML14    (0)   :  0.500 0.083 0.417 
 72  CML154Q    (0)   :  0.032 0.912 0.056 
 73  CML157Q    (0)   :  0.046 0.838 0.116 
 74  CML158Q    (0)   :  0.033 0.908 0.059 
 75   CML218    (0)   :  0.048 0.926 0.027 
 76   CML220    (0)   :  0.022 0.938 0.040 
 77   CML228    (0)   :  0.043 0.067 0.890 
 78   CML238    (0)   :  0.053 0.814 0.133 
 79   CML247    (0)   :  0.035 0.825 0.140 
 80   CML254    (0)   :  0.047 0.923 0.031 
 81   CML258    (0)   :  0.039 0.380 0.581 
 82   CML261    (0)   :  0.047 0.923 0.031 
 83   CML264    (0)   :  0.056 0.796 0.148 
 84   CML277    (0)   :  0.021 0.837 0.142 
 85   CML281    (0)   :  0.057 0.904 0.040 
 86   CML287    (0)   :  0.019 0.911 0.070 
 87   CML311    (0)   :  0.078 0.662 0.259 
 88   CML314    (0)   :  0.055 0.767 0.179 
 89   CML321    (0)   :  0.060 0.628 0.312 
 90   CML322    (0)   :  0.136 0.523 0.341 
 91   CML323    (0)   :  0.643 0.154 0.203 
 92   CML328    (0)   :  0.241 0.452 0.307 
 93   CML331    (0)   :  0.067 0.838 0.095 
 94   CML332    (0)   :  0.196 0.661 0.143 
 95   CML333    (0)   :  0.266 0.505 0.230 
 96   CML341    (0)   :  0.022 0.922 0.056 
 97    CML38   (10)   :  0.194 0.740 0.066 
 98    CML45    (0)   :  0.066 0.764 0.170 
 99     CML5    (0)   :  0.051 0.879 0.069 
100    CML52    (0)   :  0.126 0.737 0.138 
101    CML61    (0)   :  0.046 0.924 0.030 
102    CML69    (0)   :  0.353 0.439 0.208 
103    CML77    (0)   :  0.061 0.773 0.166 
104    CML91    (0)   :  0.243 0.735 0.021 
105    CML92    (0)   :  0.200 0.164 0.636 
106     CMV3    (0)   :  0.028 0.096 0.876 
107    CO106    (0)   :  0.578 0.325 0.097 
108    CO125    (0)   :  0.530 0.085 0.385 
109    CO255    (0)   :  0.121 0.389 0.490 
110    D940Y   (30)   :  0.486 0.476 0.038 
111        2    (0)   :  0.760 0.119 0.121 
112        3    (0)   :  0.241 0.067 0.693 
113      DE1    (0)   :  0.557 0.067 0.376 
114    DE811    (0)   :  0.951 0.023 0.026 
115   E2558W    (0)   :  0.350 0.159 0.490 
116      EP1    (0)   :  0.038 0.934 0.028 
117   F2834T    (0)   :  0.038 0.844 0.118 
118      F44    (0)   :  0.029 0.354 0.617 
119       F6    (0)   :  0.326 0.077 0.597 
120       F7    (0)   :  0.523 0.257 0.220 
121    GA209    (0)   :  0.386 0.308 0.306 
122    GT112    (0)   :  0.022 0.055 0.923 
123    H105W    (0)   :  0.951 0.023 0.026 
124      H49    (0)   :  0.042 0.888 0.070 
125      H84    (0)   :  0.353 0.504 0.143 
126      H91    (0)   :  0.951 0.022 0.027 
127      H95    (0)   :  0.082 0.888 0.029 
128      H99    (0)   :  0.079 0.787 0.134 
129     Hi27    (0)   :  0.653 0.261 0.086 
130    Hp301    (0)   :  0.359 0.583 0.058 
131       Hy    (0)   :  0.907 0.040 0.053 
132   I137TN    (0)   :  0.232 0.587 0.181 
133     I205    (0)   :  0.031 0.933 0.036 
134      I29    (0)   :  0.183 0.369 0.448 
135   IA2132    (0)   :  0.493 0.312 0.195 
136   IA5125    (0)   :  0.833 0.109 0.058 
137    IDS28    (0)   :  0.034 0.931 0.035 
138    IDS69    (0)   :  0.413 0.536 0.051 
139    IDS91    (0)   :  0.659 0.319 0.022 
140    Il101    (0)   :  0.876 0.068 0.057 
141    Il14H    (0)   :  0.080 0.829 0.091 
142   Il677a    (0)   :  0.366 0.392 0.242 
143     K148    (0)   :  0.719 0.077 0.204 
144       K4    (0)   :  0.363 0.131 0.506 
145      K55    (0)   :  0.560 0.385 0.055 
146      K64    (0)   :  0.295 0.612 0.092 
147     Ki11    (0)   :  0.022 0.941 0.037 
148     Ki14    (0)   :  0.350 0.102 0.547 
149   Ki2021    (0)   :  0.345 0.068 0.587 
150     Ki21    (0)   :  0.104 0.443 0.453 
151      Ki3    (0)   :  0.061 0.039 0.900 
152     Ki43    (0)   :  0.035 0.122 0.843 
153     Ki44    (0)   :  0.067 0.335 0.598 
154     Ky21    (0)   :  0.053 0.437 0.511 
155    Ky226    (0)   :  0.248 0.732 0.020 
156    Ky228    (0)   :  0.436 0.526 0.038 
157     L317    (0)   :  0.662 0.230 0.108 
158     L578    (0)   :  0.029 0.584 0.387 
159      M14    (0)   :  0.895 0.064 0.041 
160    M162W    (0)   :  0.296 0.611 0.093 
161     M37W    (0)   :  0.542 0.312 0.146 
162 MEF156-55-2    (0)   :  0.389 0.265 0.346 
163     Mo17    (0)   :  0.395 0.154 0.451 
164    Mo18W    (0)   :  0.043 0.891 0.066 
165     Mo1W    (0)   :  0.044 0.927 0.029 
166    Mo24W    (0)   :  0.029 0.921 0.050 
167     Mo44    (0)   :  0.186 0.455 0.360 
168     Mo45    (0)   :  0.097 0.789 0.114 
169     Mo46    (0)   :  0.221 0.712 0.067 
170     Mo47    (0)   :  0.069 0.834 0.097 
171      MoG    (0)   :  0.134 0.286 0.580 
172    Mp339    (0)   :  0.023 0.053 0.925 
173   MS1334    (0)   :  0.135 0.617 0.248 
174    MS153    (0)   :  0.210 0.158 0.632 
175     MS71    (0)   :  0.035 0.654 0.311 
176     Mt42    (0)   :  0.184 0.573 0.243 
177     N192    (0)   :  0.908 0.023 0.069 
178    N28Ht    (0)   :  0.104 0.105 0.791 
179       N6    (0)   :  0.055 0.427 0.518 
180      N7A    (0)   :  0.027 0.924 0.049 
181    NC222    (0)   :  0.071 0.888 0.041 
182    NC230    (0)   :  0.210 0.737 0.053 
183    NC232    (0)   :  0.414 0.530 0.055 
184    NC236    (0)   :  0.422 0.295 0.283 
185    NC238    (0)   :  0.551 0.102 0.347 
186    NC250    (0)   :  0.129 0.572 0.299 
187    NC258    (0)   :  0.040 0.026 0.935 
188    NC260    (0)   :  0.237 0.459 0.303 
189    NC262    (0)   :  0.147 0.030 0.823 
190    NC264    (0)   :  0.908 0.052 0.041 
191   NC290A    (0)   :  0.152 0.033 0.815 
192    NC294    (0)   :  0.028 0.890 0.082 
193    NC296    (0)   :  0.909 0.026 0.064 
194   NC296A    (0)   :  0.903 0.042 0.055 
195    NC298    (0)   :  0.916 0.022 0.062 
196    NC300    (0)   :  0.061 0.534 0.405 
197    NC302    (0)   :  0.688 0.051 0.261 
198    NC304    (0)   :  0.070 0.034 0.896 
199    NC306    (0)   :  0.039 0.027 0.934 
200    NC310    (0)   :  0.038 0.025 0.937 
201    NC314    (0)   :  0.132 0.583 0.285 
202    NC318    (0)   :  0.675 0.101 0.224 
203    NC320    (0)   :  0.673 0.099 0.228 
204    NC324    (0)   :  0.030 0.924 0.046 
205    NC326    (0)   :  0.040 0.025 0.935 
206    NC328    (0)   :  0.039 0.026 0.935 
207     NC33    (0)   :  0.291 0.528 0.180 
208    NC336    (0)   :  0.905 0.026 0.069 
209    NC338   (60)   :  0.890 0.048 0.062 
210    NC340    (0)   :  0.058 0.536 0.406 
211    NC342    (0)   :  0.791 0.033 0.175 
212    NC344    (0)   :  0.087 0.039 0.875 
213    NC346    (0)   :  0.908 0.041 0.051 
214    NC348    (0)   :  0.764 0.064 0.172 
215    NC350    (0)   :  0.067 0.535 0.399 
216    NC352    (0)   :  0.903 0.027 0.070 
217    NC354    (0)   :  0.836 0.043 0.121 
218    NC356    (0)   :  0.047 0.887 0.067 
219    NC358    (0)   :  0.050 0.879 0.071 
220    NC360    (0)   :  0.028 0.139 0.834 
221    NC362    (0)   :  0.028 0.027 0.945 
222    NC364    (0)   :  0.028 0.027 0.944 
223    NC366    (0)   :  0.893 0.063 0.045 
224    NC368    (0)   :  0.082 0.588 0.330 
225    ND246    (0)   :  0.064 0.731 0.206 
226    Oh40B    (0)   :  0.054 0.517 0.429 
227     Oh43    (0)   :  0.093 0.875 0.032 
228    Oh43E    (0)   :  0.067 0.899 0.034 
229    Oh603    (0)   :  0.824 0.144 0.032 
230     Oh7B    (0)   :  0.058 0.911 0.031 
231    Os420    (0)   :  0.336 0.316 0.348 
232      P39    (0)   :  0.851 0.109 0.040 
233    Pa762    (0)   :  0.091 0.852 0.058 
234    Pa875    (0)   :  0.225 0.685 0.090 
235    Pa880    (0)   :  0.496 0.474 0.031 
236     PA91    (0)   :  0.113 0.865 0.022 
237    R109B   (10)   :  0.056 0.105 0.839 
238     R168   (30)   :  0.049 0.887 0.064 
239     R177    (0)   :  0.034 0.857 0.109 
240     R229    (0)   :  0.058 0.041 0.901 
241       R4    (0)   :  0.230 0.044 0.726 
242     SA24    (0)   :  0.934 0.041 0.024 
243   SC213R    (0)   :  0.740 0.131 0.129 
244    SC357    (0)   :  0.090 0.583 0.327 
245     SC55    (0)   :  0.432 0.530 0.038 
246     SD40    (0)   :  0.612 0.127 0.261 
247     SD44    (0)   :  0.496 0.454 0.049 
248   Sg1533    (0)   :  0.603 0.370 0.027 
249     Sg18    (0)   :  0.355 0.590 0.055 
250     T232    (0)   :  0.286 0.660 0.054 
251     T234    (0)   :  0.723 0.163 0.114 
252       T8    (0)   :  0.061 0.660 0.279 
253    Tx303    (0)   :  0.097 0.711 0.191 
254    Tx601    (0)   :  0.108 0.776 0.116 
255    Tzi10    (0)   :  0.113 0.800 0.087 
256    Tzi11    (0)   :  0.023 0.734 0.243 
257    Tzi16    (0)   :  0.068 0.076 0.856 
258    Tzi18    (0)   :  0.111 0.334 0.555 
259    Tzi25    (0)   :  0.271 0.486 0.242 
260     Tzi9    (0)   :  0.024 0.938 0.038 
261    U267Y    (0)   :  0.139 0.569 0.292 
262    VA102    (0)   :  0.057 0.520 0.423 
263     Va14    (0)   :  0.517 0.443 0.040 
264     Va17    (0)   :  0.127 0.846 0.027 
265     Va22    (0)   :  0.089 0.852 0.059 
266     Va26   (50)   :  0.427 0.455 0.118 
267     Va35    (0)   :  0.059 0.650 0.290 
268     Va59    (0)   :  0.062 0.083 0.855 
269     Va85    (0)   :  0.155 0.668 0.177 
270     Va99    (0)   :  0.110 0.868 0.022 
271     VaW6    (0)   :  0.094 0.848 0.058 
272   W117Ht    (0)   :  0.057 0.655 0.288 
273    W153R    (0)   :  0.164 0.264 0.571 
274    W182B    (0)   :  0.274 0.262 0.464 
275      W22    (0)   :  0.362 0.538 0.100 
276  R-r:std    (0)   :  0.353 0.549 0.097 
277       WD    (0)   :  0.053 0.610 0.337 
278      WF9    (0)   :  0.115 0.857 0.028 
279       NS    (0)   :  0.472 0.037 0.490 


Estimated Allele Frequencies in each cluster
First column gives estimated ancestral frequencies


Locus 1 : 
2 alleles
1.1% missing data
   2   (0.500) 0.677 0.483 0.397 
   1   (0.500) 0.323 0.517 0.603 

Locus 2 : 
2 alleles
1.1% missing data
   2   (0.517) 0.443 0.682 0.457 
   1   (0.483) 0.557 0.318 0.543 

Locus 3 : 
2 alleles
0.0% missing data
   2   (0.551) 0.223 0.704 0.822 
   1   (0.449) 0.777 0.296 0.178 

Locus 4 : 
2 alleles
1.1% missing data
   2   (0.442) 0.780 0.798 0.036 
   1   (0.558) 0.220 0.202 0.964 

Locus 5 : 
2 alleles
1.4% missing data
   2   (0.595) 0.113 0.981 0.377 
   1   (0.405) 0.887 0.019 0.623 

Locus 6 : 
2 alleles
0.7% missing data
   1   (0.494) 0.234 0.367 0.786 
   2   (0.506) 0.766 0.633 0.214 

Locus 7 : 
2 alleles
0.7% missing data
   1   (0.426) 0.011 0.632 0.835 
   2   (0.574) 0.989 0.368 0.165 

Locus 8 : 
2 alleles
1.1% missing data
   2   (0.578) 0.027 0.655 0.987 
   1   (0.422) 0.973 0.345 0.013 

Locus 9 : 
2 alleles
2.2% missing data
   1   (0.458) 0.547 0.131 0.726 
   2   (0.542) 0.453 0.869 0.274 

Locus 10 : 
2 alleles
1.1% missing data
   2   (0.583) 0.983 0.007 0.946 
   1   (0.417) 0.017 0.993 0.054 

Values of parameters used in structure:
DATAFILE=infile,	OUTFILE=outfile_K3_R3,	NUMINDS=279,	NUMLOCI=10,	MISSING=0,	LABEL=1,	POPDATA=0,	POPFLAG=0,	PHENOTYPE=0,	EXTRACOLS=0,	MAXPOPS=3,	BURNIN=10000,	NUMREPS=10000,	USEPOPINFO=0,	INFERALPHA=1,	INFERLAMBDA=0,	POPSPECIFICLAMBDA=0,	POPALPHAS=0,	COMPUTEPROB=1,	NOADMIX=0,	ADMBURNIN=500,	UPDATEFREQ=100,	PRINTLIKES=0,	INTERMEDSAVE=0,	PRINTKLD=0,	PRINTNET=1,	PRINTLAMBDA=1,	ANCESTDIST=0,	NUMBOXES=1000,	ANCESTPINT=0.90000,	GENSBACK=2,	MIGRPRIOR=0.01000,	PRINTQHAT=0,	PRINTQSUM=1,	ALPHA=1.0000,	FREQSCORR=1,	FPRIORMEAN=0.0100,	FPRIORSD=0.0500,	ONEFST=0,	LAMBDA=1.0000,	UNIFPRIORALPHA=1,	ALPHAMAX=10.0000,	ALPHAPRIORA=1.0000,	ALPHAPRIORB=2.0000,	ALPHAPROPSD=0.0250,	STARTATPOPINFO=0,	RANDOMIZE=1,	LINKAGE=0,	METROFREQ=10,	REPORTHITRATE=0,	MARKOVPHASE=0,	PHASED=0,	PLOIDY=2,	PHASEINFO=0	LOCPRIOR=0, 	LOCPRIORINIT=1.000000, 	LOCDATA=0, 	LOCISPOP=0, 	LOCPRIORSTEP=0.100000, 	MAXLOCPRIOR=20.000000, 	SEED=1575891338,	
[STRAT parameters]:    NUMSIMSTATS=1000,	PHENOTYPECOL=-9,	POOLFREQ=10,	LOCUSxONLY=0,	EMERROR=0.00100,	MISSINGPHENO=-9,	