

----------------------------------------------------
STRUCTURE by Pritchard, Stephens and Donnelly (2000)
     and Falush, Stephens and Pritchard (2003)
       Code by Pritchard, Falush and Hubisz
             Version 2.3.4 (Jul 2012)
----------------------------------------------------



Command line arguments:   structure -L 10 -N 279 -K 5 -o outfile_K5_R3 
Input File:    infile

Run parameters:
   279 individuals
   10 loci
   5 populations assumed
   10000 Burn-in period
   10000 Reps


--------------------------------------------
Overall proportion of membership of the
sample in each of the 5 clusters

Inferred Clusters
  1      2      3      4      5    
0.162  0.241  0.193  0.223  0.181  

--------------------------------------------

Allele-freq. divergence among pops (Net nucleotide distance),
computed using point estimates of P.

      1       2       3       4       5      
 1      -    0.1630  0.1956  0.2859  0.2631  
 2   0.1630     -    0.1335  0.2806  0.2479  
 3   0.1956  0.1335     -    0.2550  0.2604  
 4   0.2859  0.2806  0.2550     -    0.2570  
 5   0.2631  0.2479  0.2604  0.2570     -    

Average distances (expected heterozygosity) between individuals in same cluster:
cluster  1  : 0.2596 
cluster  2  : 0.3282 
cluster  3  : 0.3496 
cluster  4  : 0.2965 
cluster  5  : 0.2860 

--------------------------------------------
Estimated Ln Prob of Data   = -2914.8
Mean value of ln likelihood = -2757.5
Variance of ln likelihood   = 314.6
Mean value of alpha         = 0.0565

Mean value of Fst_1         = 0.5516
Mean value of Fst_2         = 0.4522
Mean value of Fst_3         = 0.4050
Mean value of Fst_4         = 0.4831
Mean value of Fst_5         = 0.4987


Inferred ancestry of individuals:
        Label (%Miss) :  Inferred clusters
  1    33-16   (20)   :  0.022 0.033 0.016 0.008 0.921 
  2    38-11    (0)   :  0.949 0.020 0.017 0.007 0.007 
  3     4226    (0)   :  0.031 0.883 0.040 0.007 0.038 
  4     4722    (0)   :  0.007 0.011 0.010 0.966 0.006 
  5     A188    (0)   :  0.008 0.926 0.018 0.027 0.020 
  6    A214N   (20)   :  0.086 0.014 0.859 0.032 0.009 
  7     A239    (0)   :  0.934 0.036 0.017 0.006 0.007 
  8     A272    (0)   :  0.061 0.060 0.198 0.586 0.095 
  9   A441-5    (0)   :  0.023 0.030 0.712 0.217 0.018 
 10     A554    (0)   :  0.025 0.935 0.015 0.013 0.012 
 11     A556   (30)   :  0.008 0.016 0.008 0.015 0.953 
 12       A6    (0)   :  0.013 0.035 0.921 0.007 0.024 
 13     A619    (0)   :  0.096 0.849 0.035 0.008 0.012 
 14     A632    (0)   :  0.011 0.005 0.008 0.966 0.011 
 15     A634    (0)   :  0.147 0.020 0.181 0.603 0.050 
 16     A635    (0)   :  0.046 0.019 0.075 0.784 0.076 
 17     A641    (0)   :  0.030 0.020 0.879 0.059 0.012 
 18     A654    (0)   :  0.019 0.037 0.046 0.891 0.007 
 19     A659    (0)   :  0.933 0.031 0.021 0.007 0.008 
 20     A661    (0)   :  0.069 0.018 0.008 0.826 0.078 
 21     A679    (0)   :  0.055 0.234 0.130 0.070 0.511 
 22     A680    (0)   :  0.011 0.006 0.007 0.033 0.943 
 23     A682    (0)   :  0.107 0.014 0.433 0.229 0.216 
 24    Ab28A    (0)   :  0.012 0.058 0.884 0.021 0.025 
 25      B10    (0)   :  0.029 0.021 0.008 0.905 0.037 
 26     B103    (0)   :  0.148 0.014 0.032 0.800 0.006 
 27     B104   (10)   :  0.646 0.036 0.017 0.187 0.114 
 28     B105    (0)   :  0.060 0.013 0.026 0.883 0.018 
 29     B109    (0)   :  0.593 0.018 0.024 0.029 0.336 
 30     B115    (0)   :  0.026 0.915 0.022 0.016 0.021 
 31     B14A    (0)   :  0.007 0.005 0.007 0.974 0.007 
 32     B164    (0)   :  0.021 0.007 0.104 0.029 0.839 
 33       B2    (0)   :  0.208 0.017 0.023 0.007 0.745 
 34      B37    (0)   :  0.960 0.010 0.010 0.009 0.012 
 35      B46    (0)   :  0.043 0.048 0.465 0.438 0.006 
 36      B52    (0)   :  0.965 0.009 0.006 0.011 0.010 
 37      B57    (0)   :  0.009 0.017 0.247 0.032 0.694 
 38      B64    (0)   :  0.007 0.006 0.006 0.975 0.006 
 39      B68    (0)   :  0.007 0.005 0.007 0.974 0.006 
 40      B73    (0)   :  0.208 0.021 0.020 0.057 0.694 
 41 B73Htrhm    (0)   :  0.011 0.006 0.007 0.007 0.969 
 42      B75    (0)   :  0.041 0.028 0.008 0.870 0.053 
 43      B76    (0)   :  0.963 0.010 0.009 0.008 0.010 
 44      B77    (0)   :  0.109 0.798 0.073 0.005 0.016 
 45      B79    (0)   :  0.158 0.527 0.117 0.058 0.140 
 46      B84    (0)   :  0.010 0.006 0.012 0.955 0.017 
 47      B97    (0)   :  0.015 0.034 0.101 0.635 0.215 
 48     C103    (0)   :  0.005 0.010 0.031 0.246 0.708 
 49     C123    (0)   :  0.007 0.006 0.027 0.149 0.811 
 50     C49A   (20)   :  0.941 0.016 0.009 0.021 0.012 
 51 CH701-30    (0)   :  0.929 0.026 0.030 0.007 0.008 
 52      CH9    (0)   :  0.943 0.013 0.007 0.028 0.010 
 53     CI.7    (0)   :  0.024 0.141 0.021 0.170 0.645 
 54  CI187-2    (0)   :  0.039 0.012 0.928 0.015 0.006 
 55    CI21E    (0)   :  0.008 0.063 0.008 0.740 0.182 
 56    CI28A    (0)   :  0.033 0.010 0.012 0.008 0.937 
 57    CI31A    (0)   :  0.040 0.016 0.021 0.015 0.909 
 58     CI3A    (0)   :  0.315 0.295 0.073 0.130 0.187 
 59     CI64    (0)   :  0.530 0.336 0.022 0.091 0.022 
 60     CI66    (0)   :  0.007 0.872 0.017 0.091 0.014 
 61    CI90C    (0)   :  0.072 0.864 0.045 0.008 0.011 
 62    CI91B    (0)   :  0.045 0.016 0.919 0.013 0.007 
 63    CM105    (0)   :  0.010 0.011 0.016 0.946 0.018 
 64    CM174    (0)   :  0.049 0.043 0.009 0.799 0.100 
 65     CM37    (0)   :  0.947 0.009 0.010 0.006 0.028 
 66      CM7    (0)   :  0.023 0.044 0.007 0.877 0.050 
 67    CML10    (0)   :  0.019 0.011 0.937 0.007 0.027 
 68   CML103    (0)   :  0.011 0.144 0.787 0.050 0.007 
 69   CML108    (0)   :  0.174 0.010 0.088 0.627 0.100 
 70    CML11    (0)   :  0.017 0.010 0.944 0.006 0.023 
 71    CML14    (0)   :  0.023 0.039 0.086 0.543 0.310 
 72  CML154Q    (0)   :  0.019 0.022 0.943 0.005 0.010 
 73  CML157Q    (0)   :  0.020 0.916 0.040 0.007 0.017 
 74  CML158Q    (0)   :  0.019 0.022 0.944 0.006 0.009 
 75   CML218    (0)   :  0.039 0.934 0.014 0.007 0.006 
 76   CML220    (0)   :  0.043 0.889 0.055 0.005 0.009 
 77   CML228    (0)   :  0.019 0.020 0.014 0.011 0.935 
 78   CML238    (0)   :  0.020 0.012 0.943 0.008 0.016 
 79   CML247    (0)   :  0.014 0.945 0.018 0.007 0.016 
 80   CML254    (0)   :  0.017 0.040 0.927 0.009 0.007 
 81   CML258    (0)   :  0.023 0.671 0.059 0.008 0.239 
 82   CML261    (0)   :  0.055 0.908 0.021 0.010 0.006 
 83   CML264    (0)   :  0.022 0.013 0.943 0.008 0.013 
 84   CML277    (0)   :  0.011 0.907 0.053 0.005 0.024 
 85   CML281    (0)   :  0.049 0.011 0.922 0.010 0.008 
 86   CML287    (0)   :  0.106 0.812 0.060 0.005 0.017 
 87   CML311    (0)   :  0.058 0.842 0.046 0.009 0.044 
 88   CML314    (0)   :  0.009 0.037 0.924 0.009 0.021 
 89   CML321    (0)   :  0.040 0.828 0.064 0.010 0.058 
 90   CML322    (0)   :  0.014 0.910 0.015 0.017 0.044 
 91   CML323    (0)   :  0.046 0.033 0.138 0.693 0.090 
 92   CML328    (0)   :  0.957 0.008 0.008 0.014 0.013 
 93   CML331    (0)   :  0.463 0.381 0.083 0.029 0.044 
 94   CML332    (0)   :  0.010 0.201 0.696 0.074 0.019 
 95   CML333    (0)   :  0.967 0.008 0.006 0.011 0.008 
 96   CML341    (0)   :  0.167 0.774 0.040 0.006 0.013 
 97    CML38   (10)   :  0.471 0.015 0.407 0.100 0.008 
 98    CML45    (0)   :  0.012 0.026 0.935 0.010 0.017 
 99     CML5    (0)   :  0.013 0.955 0.015 0.008 0.009 
100    CML52    (0)   :  0.020 0.914 0.035 0.012 0.019 
101    CML61    (0)   :  0.064 0.893 0.025 0.011 0.007 
102    CML69    (0)   :  0.009 0.034 0.847 0.070 0.040 
103    CML77    (0)   :  0.939 0.019 0.024 0.006 0.012 
104    CML91    (0)   :  0.032 0.225 0.516 0.222 0.005 
105    CML92    (0)   :  0.046 0.139 0.052 0.079 0.684 
106     CMV3    (0)   :  0.210 0.018 0.022 0.006 0.743 
107    CO106    (0)   :  0.945 0.012 0.006 0.031 0.007 
108    CO125    (0)   :  0.022 0.135 0.013 0.575 0.254 
109    CO255    (0)   :  0.082 0.335 0.037 0.047 0.500 
110    D940Y   (30)   :  0.049 0.763 0.013 0.167 0.008 
111        2    (0)   :  0.074 0.017 0.039 0.849 0.021 
112        3    (0)   :  0.032 0.009 0.090 0.210 0.658 
113      DE1    (0)   :  0.027 0.015 0.057 0.788 0.114 
114    DE811    (0)   :  0.008 0.006 0.006 0.974 0.006 
115   E2558W    (0)   :  0.033 0.358 0.021 0.186 0.402 
116      EP1    (0)   :  0.029 0.943 0.015 0.008 0.006 
117   F2834T    (0)   :  0.007 0.026 0.948 0.007 0.013 
118      F44    (0)   :  0.019 0.620 0.068 0.007 0.286 
119       F6    (0)   :  0.012 0.019 0.100 0.203 0.667 
120       F7    (0)   :  0.108 0.308 0.014 0.485 0.086 
121    GA209    (0)   :  0.030 0.027 0.553 0.205 0.185 
122    GT112    (0)   :  0.012 0.021 0.014 0.006 0.947 
123    H105W    (0)   :  0.006 0.005 0.007 0.975 0.006 
124      H49    (0)   :  0.931 0.026 0.027 0.006 0.009 
125      H84    (0)   :  0.952 0.012 0.009 0.018 0.009 
126      H91    (0)   :  0.007 0.005 0.008 0.973 0.007 
127      H95    (0)   :  0.073 0.895 0.012 0.014 0.006 
128      H99    (0)   :  0.031 0.903 0.031 0.014 0.020 
129     Hi27    (0)   :  0.021 0.132 0.237 0.587 0.023 
130    Hp301    (0)   :  0.009 0.046 0.891 0.043 0.010 
131       Hy    (0)   :  0.034 0.015 0.006 0.926 0.019 
132   I137TN    (0)   :  0.009 0.931 0.016 0.021 0.022 
133     I205    (0)   :  0.012 0.020 0.954 0.006 0.007 
134      I29    (0)   :  0.160 0.292 0.080 0.063 0.404 
135   IA2132    (0)   :  0.035 0.041 0.390 0.449 0.084 
136   IA5125    (0)   :  0.039 0.123 0.008 0.810 0.020 
137    IDS28    (0)   :  0.011 0.026 0.951 0.006 0.006 
138    IDS69    (0)   :  0.013 0.069 0.804 0.104 0.010 
139    IDS91    (0)   :  0.017 0.171 0.242 0.566 0.005 
140    Il101    (0)   :  0.014 0.019 0.018 0.936 0.013 
141    Il14H    (0)   :  0.016 0.920 0.038 0.012 0.013 
142   Il677a    (0)   :  0.156 0.362 0.034 0.268 0.180 
143     K148    (0)   :  0.040 0.026 0.110 0.731 0.092 
144       K4    (0)   :  0.028 0.127 0.017 0.177 0.651 
145      K55    (0)   :  0.008 0.862 0.015 0.100 0.014 
146      K64    (0)   :  0.507 0.347 0.023 0.094 0.030 
147     Ki11    (0)   :  0.047 0.874 0.062 0.006 0.011 
148     Ki14    (0)   :  0.022 0.220 0.018 0.213 0.527 
149   Ki2021    (0)   :  0.014 0.150 0.011 0.202 0.623 
150     Ki21    (0)   :  0.015 0.019 0.854 0.018 0.095 
151      Ki3    (0)   :  0.010 0.008 0.009 0.010 0.962 
152     Ki43    (0)   :  0.319 0.018 0.020 0.011 0.633 
153     Ki44    (0)   :  0.011 0.011 0.878 0.010 0.089 
154     Ky21    (0)   :  0.023 0.756 0.061 0.011 0.149 
155    Ky226    (0)   :  0.029 0.219 0.560 0.188 0.004 
156    Ky228    (0)   :  0.014 0.918 0.018 0.041 0.008 
157     L317    (0)   :  0.016 0.072 0.096 0.789 0.026 
158     L578    (0)   :  0.010 0.876 0.039 0.005 0.070 
159      M14    (0)   :  0.132 0.020 0.006 0.827 0.015 
160    M162W    (0)   :  0.506 0.355 0.018 0.097 0.024 
161     M37W    (0)   :  0.074 0.422 0.011 0.431 0.063 
162 MEF156-55-2    (0)   :  0.195 0.343 0.020 0.217 0.224 
163     Mo17    (0)   :  0.014 0.041 0.193 0.374 0.377 
164    Mo18W    (0)   :  0.917 0.032 0.036 0.006 0.010 
165     Mo1W    (0)   :  0.062 0.894 0.024 0.011 0.008 
166    Mo24W    (0)   :  0.925 0.030 0.031 0.006 0.008 
167     Mo44    (0)   :  0.953 0.010 0.009 0.014 0.014 
168     Mo45    (0)   :  0.378 0.264 0.252 0.039 0.066 
169     Mo46    (0)   :  0.039 0.039 0.864 0.049 0.009 
170     Mo47    (0)   :  0.013 0.952 0.015 0.010 0.010 
171      MoG    (0)   :  0.044 0.021 0.507 0.051 0.377 
172    Mp339    (0)   :  0.015 0.021 0.013 0.006 0.945 
173   MS1334    (0)   :  0.012 0.171 0.714 0.067 0.037 
174    MS153    (0)   :  0.045 0.199 0.040 0.078 0.638 
175     MS71    (0)   :  0.019 0.012 0.935 0.006 0.028 
176     Mt42    (0)   :  0.668 0.183 0.030 0.047 0.071 
177     N192    (0)   :  0.006 0.005 0.007 0.967 0.016 
178    N28Ht    (0)   :  0.015 0.009 0.223 0.034 0.718 
179       N6    (0)   :  0.112 0.201 0.273 0.011 0.403 
180      N7A    (0)   :  0.897 0.039 0.051 0.005 0.008 
181    NC222    (0)   :  0.032 0.049 0.893 0.018 0.008 
182    NC230    (0)   :  0.013 0.071 0.857 0.049 0.010 
183    NC232    (0)   :  0.042 0.027 0.810 0.114 0.008 
184    NC236    (0)   :  0.591 0.038 0.024 0.209 0.137 
185    NC238    (0)   :  0.013 0.043 0.057 0.768 0.118 
186    NC250    (0)   :  0.958 0.011 0.011 0.008 0.012 
187    NC258    (0)   :  0.009 0.006 0.006 0.008 0.970 
188    NC260    (0)   :  0.959 0.009 0.008 0.011 0.013 
189    NC262    (0)   :  0.014 0.008 0.007 0.027 0.943 
190    NC264    (0)   :  0.012 0.011 0.010 0.958 0.009 
191   NC290A    (0)   :  0.012 0.008 0.007 0.037 0.937 
192    NC294    (0)   :  0.952 0.014 0.021 0.005 0.008 
193    NC296    (0)   :  0.004 0.007 0.007 0.962 0.019 
194   NC296A    (0)   :  0.006 0.012 0.011 0.960 0.011 
195    NC298    (0)   :  0.005 0.005 0.008 0.968 0.014 
196    NC300    (0)   :  0.008 0.011 0.935 0.008 0.037 
197    NC302    (0)   :  0.009 0.067 0.008 0.720 0.197 
198    NC304    (0)   :  0.004 0.007 0.038 0.031 0.920 
199    NC306    (0)   :  0.010 0.006 0.006 0.009 0.970 
200    NC310    (0)   :  0.010 0.006 0.005 0.009 0.970 
201    NC314    (0)   :  0.964 0.008 0.009 0.007 0.012 
202    NC318    (0)   :  0.178 0.013 0.097 0.638 0.073 
203    NC320    (0)   :  0.204 0.011 0.089 0.628 0.069 
204    NC324    (0)   :  0.930 0.026 0.031 0.005 0.008 
205    NC326    (0)   :  0.009 0.005 0.006 0.008 0.971 
206    NC328    (0)   :  0.009 0.007 0.006 0.008 0.970 
207     NC33    (0)   :  0.006 0.047 0.865 0.048 0.034 
208    NC336    (0)   :  0.004 0.007 0.008 0.966 0.014 
209    NC338   (60)   :  0.014 0.010 0.017 0.933 0.026 
210    NC340    (0)   :  0.009 0.011 0.930 0.010 0.040 
211    NC342    (0)   :  0.014 0.014 0.006 0.869 0.097 
212    NC344    (0)   :  0.012 0.010 0.007 0.013 0.958 
213    NC346    (0)   :  0.006 0.013 0.009 0.961 0.011 
214    NC348    (0)   :  0.032 0.011 0.077 0.792 0.088 
215    NC350    (0)   :  0.012 0.861 0.045 0.010 0.072 
216    NC352    (0)   :  0.004 0.010 0.007 0.963 0.016 
217    NC354    (0)   :  0.008 0.013 0.012 0.942 0.025 
218    NC356    (0)   :  0.014 0.952 0.018 0.007 0.009 
219    NC358    (0)   :  0.015 0.956 0.012 0.007 0.010 
220    NC360    (0)   :  0.053 0.082 0.030 0.007 0.829 
221    NC362    (0)   :  0.005 0.010 0.007 0.007 0.971 
222    NC364    (0)   :  0.005 0.008 0.008 0.005 0.974 
223    NC366    (0)   :  0.124 0.018 0.007 0.837 0.014 
224    NC368    (0)   :  0.709 0.067 0.093 0.029 0.101 
225    ND246    (0)   :  0.007 0.951 0.014 0.008 0.020 
226    Oh40B    (0)   :  0.013 0.876 0.019 0.010 0.082 
227     Oh43    (0)   :  0.085 0.877 0.012 0.019 0.006 
228    Oh43E    (0)   :  0.054 0.913 0.013 0.013 0.007 
229    Oh603    (0)   :  0.118 0.014 0.040 0.822 0.006 
230     Oh7B    (0)   :  0.924 0.043 0.017 0.010 0.006 
231    Os420    (0)   :  0.554 0.042 0.035 0.139 0.231 
232      P39    (0)   :  0.017 0.028 0.026 0.921 0.008 
233    Pa762    (0)   :  0.008 0.959 0.011 0.012 0.009 
234    Pa875    (0)   :  0.013 0.033 0.925 0.018 0.012 
235    Pa880    (0)   :  0.014 0.895 0.009 0.074 0.008 
236     PA91    (0)   :  0.032 0.932 0.013 0.018 0.005 
237    R109B   (10)   :  0.013 0.035 0.016 0.012 0.924 
238     R168   (30)   :  0.016 0.021 0.944 0.008 0.012 
239     R177    (0)   :  0.007 0.035 0.938 0.006 0.014 
240     R229    (0)   :  0.009 0.009 0.009 0.011 0.963 
241       R4    (0)   :  0.011 0.013 0.011 0.049 0.916 
242     SA24    (0)   :  0.007 0.011 0.010 0.966 0.005 
243   SC213R    (0)   :  0.087 0.127 0.011 0.723 0.052 
244    SC357    (0)   :  0.706 0.065 0.084 0.031 0.115 
245     SC55    (0)   :  0.015 0.907 0.018 0.052 0.008 
246     SD40    (0)   :  0.247 0.014 0.128 0.539 0.071 
247     SD44    (0)   :  0.109 0.055 0.478 0.348 0.010 
248   Sg1533    (0)   :  0.013 0.184 0.421 0.376 0.006 
249     Sg18    (0)   :  0.010 0.035 0.897 0.048 0.010 
250     T232    (0)   :  0.051 0.042 0.811 0.089 0.007 
251     T234    (0)   :  0.025 0.048 0.045 0.861 0.022 
252       T8    (0)   :  0.009 0.919 0.025 0.010 0.037 
253    Tx303    (0)   :  0.010 0.943 0.013 0.011 0.023 
254    Tx601    (0)   :  0.023 0.013 0.940 0.012 0.010 
255    Tzi10    (0)   :  0.223 0.664 0.045 0.036 0.033 
256    Tzi11    (0)   :  0.036 0.873 0.043 0.007 0.042 
257    Tzi16    (0)   :  0.010 0.016 0.122 0.034 0.817 
258    Tzi18    (0)   :  0.144 0.417 0.019 0.035 0.386 
259    Tzi25    (0)   :  0.966 0.009 0.006 0.010 0.008 
260     Tzi9    (0)   :  0.070 0.858 0.058 0.005 0.010 
261    U267Y    (0)   :  0.013 0.844 0.060 0.020 0.063 
262    VA102    (0)   :  0.014 0.864 0.025 0.012 0.084 
263     Va14    (0)   :  0.351 0.259 0.059 0.318 0.013 
264     Va17    (0)   :  0.862 0.083 0.026 0.022 0.007 
265     Va22    (0)   :  0.010 0.958 0.011 0.012 0.008 
266     Va26   (50)   :  0.753 0.153 0.013 0.066 0.015 
267     Va35    (0)   :  0.007 0.903 0.032 0.009 0.049 
268     Va59    (0)   :  0.017 0.050 0.013 0.018 0.902 
269     Va85    (0)   :  0.016 0.031 0.914 0.019 0.020 
270     Va99    (0)   :  0.033 0.935 0.012 0.015 0.005 
271     VaW6    (0)   :  0.009 0.960 0.014 0.009 0.008 
272   W117Ht    (0)   :  0.010 0.892 0.039 0.012 0.048 
273    W153R    (0)   :  0.028 0.040 0.318 0.106 0.508 
274    W182B    (0)   :  0.013 0.042 0.697 0.140 0.108 
275      W22    (0)   :  0.092 0.024 0.776 0.094 0.014 
276  R-r:std    (0)   :  0.082 0.029 0.768 0.109 0.012 
277       WD    (0)   :  0.010 0.912 0.017 0.009 0.053 
278      WF9    (0)   :  0.870 0.080 0.024 0.021 0.005 
279       NS    (0)   :  0.008 0.007 0.048 0.344 0.593 


Estimated Allele Frequencies in each cluster
First column gives estimated ancestral frequencies


Locus 1 : 
2 alleles
1.1% missing data
   2   (0.499) 0.616 0.481 0.394 0.676 0.412 
   1   (0.501) 0.384 0.519 0.606 0.324 0.588 

Locus 2 : 
2 alleles
1.1% missing data
   2   (0.565) 0.034 0.994 0.541 0.472 0.485 
   1   (0.435) 0.966 0.006 0.459 0.528 0.515 

Locus 3 : 
2 alleles
0.0% missing data
   2   (0.609) 0.994 0.995 0.011 0.186 0.842 
   1   (0.391) 0.006 0.005 0.989 0.814 0.158 

Locus 4 : 
2 alleles
1.1% missing data
   2   (0.543) 0.993 0.603 0.632 0.678 0.021 
   1   (0.457) 0.007 0.397 0.368 0.322 0.979 

Locus 5 : 
2 alleles
1.4% missing data
   2   (0.574) 0.964 0.751 0.740 0.154 0.264 
   1   (0.426) 0.036 0.249 0.260 0.846 0.736 

Locus 6 : 
2 alleles
0.7% missing data
   1   (0.480) 0.577 0.344 0.370 0.291 0.708 
   2   (0.520) 0.423 0.656 0.630 0.709 0.292 

Locus 7 : 
2 alleles
0.7% missing data
   1   (0.449) 0.615 0.526 0.680 0.016 0.747 
   2   (0.551) 0.385 0.474 0.320 0.984 0.253 

Locus 8 : 
2 alleles
1.1% missing data
   2   (0.579) 0.604 0.470 0.828 0.047 0.986 
   1   (0.421) 0.396 0.530 0.172 0.953 0.014 

Locus 9 : 
2 alleles
2.2% missing data
   1   (0.413) 0.018 0.320 0.315 0.594 0.778 
   2   (0.587) 0.982 0.680 0.685 0.406 0.222 

Locus 10 : 
2 alleles
1.1% missing data
   2   (0.480) 0.581 0.013 0.016 0.993 0.992 
   1   (0.520) 0.419 0.987 0.984 0.007 0.008 

Values of parameters used in structure:
DATAFILE=infile,	OUTFILE=outfile_K5_R3,	NUMINDS=279,	NUMLOCI=10,	MISSING=0,	LABEL=1,	POPDATA=0,	POPFLAG=0,	PHENOTYPE=0,	EXTRACOLS=0,	MAXPOPS=5,	BURNIN=10000,	NUMREPS=10000,	USEPOPINFO=0,	INFERALPHA=1,	INFERLAMBDA=0,	POPSPECIFICLAMBDA=0,	POPALPHAS=0,	COMPUTEPROB=1,	NOADMIX=0,	ADMBURNIN=500,	UPDATEFREQ=100,	PRINTLIKES=0,	INTERMEDSAVE=0,	PRINTKLD=0,	PRINTNET=1,	PRINTLAMBDA=1,	ANCESTDIST=0,	NUMBOXES=1000,	ANCESTPINT=0.90000,	GENSBACK=2,	MIGRPRIOR=0.01000,	PRINTQHAT=0,	PRINTQSUM=1,	ALPHA=1.0000,	FREQSCORR=1,	FPRIORMEAN=0.0100,	FPRIORSD=0.0500,	ONEFST=0,	LAMBDA=1.0000,	UNIFPRIORALPHA=1,	ALPHAMAX=10.0000,	ALPHAPRIORA=1.0000,	ALPHAPRIORB=2.0000,	ALPHAPROPSD=0.0250,	STARTATPOPINFO=0,	RANDOMIZE=1,	LINKAGE=0,	METROFREQ=10,	REPORTHITRATE=0,	MARKOVPHASE=0,	PHASED=0,	PLOIDY=2,	PHASEINFO=0	LOCPRIOR=0, 	LOCPRIORINIT=1.000000, 	LOCDATA=0, 	LOCISPOP=0, 	LOCPRIORSTEP=0.100000, 	MAXLOCPRIOR=20.000000, 	SEED=1575891408,	
[STRAT parameters]:    NUMSIMSTATS=1000,	PHENOTYPECOL=-9,	POOLFREQ=10,	LOCUSxONLY=0,	EMERROR=0.00100,	MISSINGPHENO=-9,	