Q1	Q2	Q3
0.1296	0.4409	0.4295
0.3975	0.4091	0.1934
0	0	1
0.575	0.419	0.006
0.431	0.002	0.567
0.261	0	0.739
0	0.128	0.872
0.4276	0.001	0.5714
0.148	0.026	0.826
0.1447	0.087	0.7683
0.001	0.024	0.975
0.176	0.13	0.694
0	0	1
0.8156	0.005	0.1794
0.271	0	0.729
0.411	0.0007	0.5883
0	0	1
0.5193	0.0057	0.475
0	0	1
0.4538	0.0423	0.5038
0.184	0.001	0.815
0.3272	0.6568	0.016
0	0.1137	0.8863
0.428	0.117	0.455
0	1	0
0.642	0.073	0.285
0	1	0
0.6139	0.107	0.2791
0.056	0.8444	0.0996
0.651	0.189	0.16
0.189	0.811	0
0.5182	0.2631	0.2187
0.504	0.071	0.425
0.614	0.071	0.315
0	1	0
0.8823	0	0.1177
0	1	0
0.6837	0.0773	0.239
0	1	0
0.741	0.001	0.258
0	1	0
0.744	0	0.256
0	0.999	0.001
0.6726	0.3111	0.0163
0	1	0
0.7504	0.001	0.2486
0.7763	0.2173	0.0063
0.596	0.051	0.353
0	0.101	0.899
0.699	0.018	0.283
0.001	0.337	0.662
0.7416	0.086	0.1724
0.055	0.0043	0.9407
0.4744	0.5237	0.002
0	0.1094	0.8906
0.6939	0.2081	0.098
0.2028	0.002	0.7952
0.5876	0.1399	0.2725
0	0	1
0	1	0
0.059	0	0.941
0	1	0
0	0	1
0	1	0
0.0523	0.001	0.9467
0.2318	0.7672	0.001
0.4358	0.002	0.5622
0.7185	0.2805	0.001
0.142	0	0.858
0.7031	0.2629	0.034
0.6784	0.0007	0.3209
0.6205	0.3785	0.001
0	1	0
0.7466	0	0.2534
0.2779	0.3502	0.3719
0.6876	0.0003	0.3121
0.043	0.956	0.001
0.716	0.001	0.283
0	1	0
0.7082	0	0.2918
0	1	0
0.736	0	0.264
0.0283	0.911	0.0607
0.676	0	0.324
0.3666	0.073	0.5604
0.674	0	0.326
0.246	0.45	0.304
0.763	0.048	0.189
0.054	0.945	0.001
0.605	0.142	0.253
0.2439	0.5698	0.1863
0.5197	0.0766	0.4037
0	1	0
0.7227	0.0543	0.223
0.5919	0.4051	0.003
0.575	0.003	0.422
0.871	0	0.129
0.6815	0.3175	0.001
0.8407	0.001	0.1583
0.7154	0.2826	0.002
0.7512	0.002	0.2468
0.683	0.316	0.001
0.7079	0.001	0.2911
0.0901	0.9099	0
0.7554	0.0017	0.2429
0.735	0.201	0.064
0.88	0	0.12
0.6654	0.3336	0.001
0.926	0	0.074
0.6035	0.3941	0.0023
0.344	0.233	0.423
0.7175	0.2812	0.0013
0.2661	0.3058	0.4281
0.7561	0.2419	0.002
0.8474	0.0057	0.147
0.5665	0.4325	0.001
0	0.0594	0.9406
0.5514	0.4476	0.001
0.092	0	0.908
0.692	0.242	0.066
0	1	0
0.756	0.001	0.243
0.002	0.997	0.001
0.6086	0.1111	0.2803
0.001	0.999	0
0.5639	0.115	0.3211
0.765	0.152	0.083
0.563	0.001	0.436
0.4663	0.1257	0.408
0.5984	0.1331	0.2685
0.576	0.255	0.169
0.7289	0.078	0.1931
0.415	0.238	0.347
0.4597	0.056	0.4843
0.5377	0.082	0.3803
0.593	0.214	0.193
0.587	0.135	0.278
0.2921	0.0237	0.6842
0	1	0
0.391	0.079	0.53
0.4912	0.2137	0.2951
0.592	0.0243	0.3837
0.5545	0.2309	0.2146
0.6298	0.0117	0.3585
0.833	0.002	0.165
0.5452	0.4538	0.001
0	0.0951	0.9049
0.001	0.049	0.95
0.0073	0	0.9927
0.3738	0.6262	0
0.7614	0.0027	0.2359
0.5781	0.4189	0.003
0.789	0.001	0.21
0.8603	0.103	0.0367
0.6812	0.001	0.3178
0.6736	0.1984	0.128
0.7572	0.001	0.2418
0.871	0.127	0.002
0.7465	0	0.2535
0.501	0.498	0.001
0.707	0.001	0.292
0.7747	0.21	0.0153
0.001	0.153	0.846
0.6739	0.107	0.2191
0.5652	0.0807	0.3541
0.7335	0.1414	0.1251
0.6371	0.074	0.2889
0.609	0.389	0.002
0.6922	0.3018	0.006
0.7275	0.001	0.2715
0.28	0.205	0.515
0.6314	0.003	0.3656
0.5588	0.1313	0.3099
0.759	0.0087	0.2323
0.6482	0.1874	0.1644
0.7751	0.001	0.2239
0.7035	0.1594	0.1371
0.6522	0	0.3478
0.4499	0.075	0.4752
0.756	0.0247	0.2193
0.7225	0.0326	0.2448
0.7	0.001	0.299
0.623	0.174	0.203
0.234	0.149	0.617
0.772	0.227	0.001
0.5113	0.0203	0.4683
0.8267	0.1579	0.0153
0.235	0.28	0.485
0.6946	0.2704	0.035
0.509	0.134	0.357
0.8173	0.174	0.0087
0.4632	0.102	0.4349
0.573	0.1137	0.3133
0.8002	0.1978	0.002
0.657	0.0693	0.2737
0.7963	0.1133	0.0903
0.509	0.023	0.468
0.7211	0.2239	0.055
0.609	0.165	0.226
0.754	0.245	0.001
0.561	0.0617	0.3773
0.579	0.4193	0.0017
0.3314	0.109	0.5595
0.8007	0.1983	0.001
0.1871	0.0584	0.7545
0.787	0.148	0.065
0.333	0.221	0.446
0.5847	0.402	0.0133
0.0313	0.0013	0.9673
0.691	0.308	0.001
0.3834	0	0.6166
0.7607	0.1809	0.0583
0.757	0.001	0.242
0.739	0.127	0.134
0.8533	0	0.1467
0.1596	0.8387	0.0017
0.4397	0.428	0.1323
0.484	0.098	0.418
0.7833	0.0057	0.211
0.466	0.103	0.431
0.4176	0.3357	0.2468
0.249	0.264	0.487
0.5087	0.342	0.1493
0.3206	0.105	0.5745
0.517	0.398	0.085
0.484	0.101	0.415
0.6461	0.2419	0.112
0.1566	0.3289	0.5145
0.6383	0.287	0.0747
0.1711	0.4108	0.4181
0.7311	0.037	0.2319
0.6008	0.1989	0.2003
0.7356	0.1264	0.138
0.7527	0.086	0.1613
0.6928	0.1939	0.1133
0.02	0.604	0.376
0.878	0	0.122
0.74	0.001	0.259
0	1	0
0.4952	0.1689	0.3359
0.749	0	0.251
0.4064	0.5936	0
0.7727	0.128	0.0993
0.691	0.138	0.171
0.595	0.001	0.404
0.436	0.563	0.001
0.7569	0	0.2431
0.084	0.9157	0.0003
0	0	1
0.46	0.54	0
0.4233	0.0834	0.4933
0.523	0.476	0.001
0.685	0	0.315
0.7472	0.2424	0.0103
0.443	0.073	0.484
0.68	0.318	0.002
0.4677	0.029	0.5033
0.6682	0.3288	0.003
0.7057	0	0.2943
0.642	0.356	0.002
0.5793	0.1449	0.2758
0.6418	0.3562	0.002
0	0.1114	0.8886
0.745	0.253	0.002
0.5768	0.4175	0.0057
0.5478	0.0183	0.4339
0.301	0.697	0.002
0.923	0	0.077
0.795	0.0327	0.1723
0	0	1
0.586	0.259	0.155
0.038	0.023	0.939
0.127	0.08	0.793
0.158	0	0.842
0.6608	0.1516	0.1876
0.3609	0.0353	0.6038
0.8434	0.0976	0.059
0.5155	0.018	0.4665
0.6924	0.0926	0.2149
0.554	0.072	0.374
0.6657	0.261	0.0733
0.6803	0.076	0.2437
0.687	0.082	0.231
0.832	0.001	0.167
0.561	0.053	0.386
0.5386	0.1596	0.3018
0.572	0.195	0.233
0.248	0.001	0.751
0.6095	0.017	0.3735
0.9363	0.0627	0.001
0.22	0.2	0.58
0.5125	0.2058	0.2817
0.423	0.102	0.475
0.5729	0.4271	0
0.3651	0.0757	0.5592
0.651	0.218	0.131
0.448	0.116	0.436
0.6878	0.2909	0.0213
0.079	0.074	0.8469
0.6346	0.3644	0.001
0.278	0.002	0.72
0.5515	0.4459	0.0027
0.041	0.003	0.956
0.542	0.457	0.001
0.7314	0.2389	0.0297
0.1199	0.8791	0.001
0.7354	0.2376	0.027
0.558	0.44	0.002
0	0.083	0.917
0.3825	0.6165	0.001
0.7199	0	0.2801
0.073	0.9263	0.0007
0.5038	0.4952	0.001
0.0153	0	0.9847
0.417	0.001	0.582
0.0363	0	0.9637
0.473	0.346	0.181
0.301	0.0517	0.6473
0.4667	0.324	0.2093
0	0	1
0.5759	0.061	0.3631
0.4361	0.0027	0.5612
0.5934	0.4056	0.001
0	0	1
0.5137	0.073	0.4133
0.3759	0.0063	0.6178
0.5649	0.0407	0.3945
0.3822	0.6168	0.001
0.2609	0.5598	0.1793
0.66	0.039	0.301
0.272	0.12	0.608
0.6425	0.0457	0.3119
0.3184	0.4471	0.2344
0.1929	0.0846	0.7224
0.4922	0.004	0.5038
0.567	0.432	0.001
0.018	0.007	0.975
0.523	0.476	0.001
0.3388	0.2075	0.4537
0.528	0.471	0.001
0.013	0.4	0.587
0.48	0.518	0.002
0	0	1
0.0903	0.9087	0.001
0.6873	0.0103	0.3023
0.8437	0.0963	0.06
0	0.0847	0.9153
0.7211	0.2749	0.004
0.7262	0.2258	0.048
0.3786	0.6214	0
0	0	1
0.097	0.903	0
0.058	0	0.942
0.658	0.34	0.002
0.6425	0.1979	0.1596
0.543	0.457	0
0	0.999	0.001
0.659	0.339	0.002
0.5273	0.459	0.0137
0.024	0.773	0.203
0.749	0.144	0.107
0.6712	0.1977	0.131
0.4532	0.13	0.4168
0.5438	0.4465	0.0097
0.5285	0.096	0.3755
0.5751	0.4229	0.002
0.3372	0.4306	0.2322
0.5684	0	0.4316
0.5774	0.2091	0.2135
0.7567	0.141	0.1023
0.7671	0.001	0.2319
0.5057	0.002	0.4923
0.602	0.172	0.226
0.5462	0.1941	0.2598
0.744	0.0567	0.1993
0.864	0.038	0.098
0.6588	0.133	0.2083
0.3169	0.6468	0.0363
0.7686	0.2161	0.0153
0	0	1
0.6498	0.109	0.2413
0.8373	0.0514	0.1114
0.001	0.0323	0.9667
0.1659	0.8331	0.001
